64 233 199 29 77 1
64 564 143 28 81 2
64 492 153 38 78 3
64 690 74 29 58 4
64 436 141 23 73 5
64 510 124 29 59 6
64 508 112 22 60 7
64 325 153 27 74 8
64 288 165 22 71 9
64 383 124 24 68 10
64 237 256 41 100 11
64 263 124 23 61 12
64 260 165 27 78 13
64 339 137 24 59 14
64 222 220 35 101 15
64 540 132 25 76 18
64 367 158 24 78 20
64 403 157 22 63 21
64 374 215 30 97 22
64 419 201 27 83 23
64 449 221 36 93 25
64 135 276 40 109 26
64 240 181 27 79 27
64 394 212 29 92 29
64 647 212 30 105 30
64 521 236 35 103 32
64 550 239 31 90 33
64 361 227 30 108 34
64 176 184 30 87 35
64 663 180 27 83 37
64 591 111 19 60 38
64 565 115 23 64 39
64 355 176 26 79 40
64 520 125 25 60 41
64 69 77 19 46 42
