426 512 187 34 82 1
426 246 170 32 81 2
426 538 227 33 102 3
426 644 139 32 84 4
426 303 166 28 69 5
426 461 218 30 92 6
426 236 134 25 60 7
426 21 178 30 77 8
426 8 188 24 70 9
426 147 177 26 75 12
426 461 168 27 84 13
426 434 218 30 93 15
426 574 333 45 125 16
426 642 327 41 114 17
426 356 209 40 95 18
426 107 185 25 69 19
426 597 109 22 69 20
426 620 126 22 61 21
426 314 180 31 83 22
426 377 203 30 84 23
426 389 207 32 92 24
426 601 192 34 91 25
426 384 152 28 76 26
426 340 169 25 76 27
426 243 192 36 89 28
426 341 179 31 80 29
426 299 144 26 72 30
426 640 125 23 63 31
426 448 194 31 87 32
426 476 192 29 83 33
426 697 112 26 66 34
426 315 229 36 102 35
426 486 184 23 83 36
426 117 112 20 54 43
