13 44 161 19 63 1
13 533 190 37 91 2
13 561 131 38 73 3
13 515 95 25 63 4
13 262 135 21 61 5
13 265 129 21 61 6
13 227 127 25 61 7
13 195 130 22 61 8
13 183 136 22 59 9
13 151 117 25 61 10
13 88 200 30 81 11
13 66 125 21 55 12
13 37 148 18 64 13
13 111 137 19 61 14
13 495 185 33 93 18
13 62 163 27 77 20
13 87 168 23 65 21
13 109 176 25 80 22
13 139 159 22 66 23
13 174 172 27 75 25
13 0 204 18 81 26
13 22 158 21 66 27
13 645 196 30 96 28
13 132 175 26 79 29
13 314 152 23 77 30
13 285 183 32 78 32
13 309 180 30 74 33
13 347 222 34 105 34
13 566 122 31 65 37
13 376 132 27 59 38
13 321 122 28 63 39
13 46 178 25 67 40
