435 480 184 32 81 1
435 240 184 29 84 2
435 520 207 32 98 3
435 652 132 30 78 4
435 270 159 24 69 5
435 489 233 31 92 6
435 193 137 30 61 7
435 0 179 15 77 8
435 109 175 26 73 12
435 449 160 26 84 13
435 388 209 26 93 15
435 637 356 55 131 16
435 710 347 40 117 17
435 387 218 36 99 18
435 81 182 25 64 19
435 577 110 25 72 20
435 606 126 21 59 21
435 273 174 29 84 22
435 346 193 33 80 23
435 328 205 36 89 24
435 602 179 36 86 25
435 349 146 27 73 26
435 295 162 26 77 27
435 197 183 33 84 28
435 299 173 30 78 29
435 247 142 27 72 30
435 620 123 25 61 31
435 405 187 31 84 32
435 430 182 29 82 33
435 676 116 32 74 34
435 250 221 49 100 35
435 442 175 24 85 36
435 153 109 20 55 43
