45 145 184 30 73 1
45 562 160 28 84 2
45 615 136 32 76 3
45 649 78 26 61 4
45 397 135 20 64 5
45 434 114 23 61 6
45 402 107 23 60 7
45 278 147 23 67 8
45 254 152 20 68 9
45 307 115 26 65 10
45 178 231 34 92 11
45 197 119 23 60 12
45 196 152 25 71 13
45 259 136 19 57 14
45 109 251 36 109 15
45 530 153 26 81 18
45 256 157 26 79 20
45 276 161 21 66 21
45 272 196 30 90 22
45 308 178 29 78 23
45 346 201 30 89 25
45 70 242 37 93 26
45 154 168 26 75 27
45 299 195 26 82 29
45 515 186 36 89 30
45 436 220 33 89 32
45 460 214 29 94 33
45 359 229 35 106 34
45 82 177 31 85 35
45 642 148 26 74 37
45 514 124 28 62 38
45 463 123 25 67 39
45 255 173 28 74 40
45 646 123 24 62 41
