51 176 191 29 74 1
51 561 155 27 83 2
51 576 141 30 74 3
51 662 77 27 60 4
51 413 137 20 67 5
51 448 120 28 63 6
51 437 108 23 57 7
51 291 148 25 70 8
51 264 155 20 68 9
51 333 114 24 67 10
51 193 239 35 94 11
51 219 120 27 59 12
51 212 154 24 75 13
51 287 132 19 60 14
51 145 243 35 106 15
51 532 146 26 80 18
51 297 155 25 77 20
51 319 160 21 66 21
51 304 202 30 92 22
51 348 185 28 78 23
51 380 208 33 90 25
51 84 253 40 99 26
51 180 172 26 76 27
51 331 202 25 84 29
51 558 194 33 94 30
51 461 225 33 97 32
51 488 224 30 95 33
51 365 229 34 107 34
51 110 177 31 86 35
51 650 155 28 77 37
51 540 120 24 61 38
51 489 122 35 66 39
51 294 172 26 77 40
51 604 123 23 61 41
51 10 77 18 46 42
