376 699 177 28 79 1
376 529 147 24 80 2
376 734 330 31 132 3
376 482 223 30 88 5
376 555 151 27 71 6
376 477 163 28 74 7
376 300 175 30 84 8
376 288 184 26 78 9
376 385 207 29 95 10
376 24 265 34 100 11
376 387 206 30 89 12
376 650 233 33 97 13
376 298 228 30 96 16
376 346 230 30 90 17
376 143 151 26 74 18
376 352 219 28 83 19
376 596 181 30 84 20
376 635 190 30 80 21
376 555 225 35 103 22
376 582 272 32 102 23
376 623 271 41 109 24
376 679 273 39 108 25
376 611 207 28 92 26
376 646 219 29 88 27
376 587 225 29 93 29
376 655 199 30 90 30
376 656 188 26 80 31
376 721 271 32 106 32
376 598 154 30 86 34
376 729 208 29 92 35
