425 516 187 35 82 1
425 248 168 32 81 2
425 541 230 34 103 3
425 644 140 32 84 4
425 307 167 28 69 5
425 459 215 30 92 6
425 242 134 24 60 7
425 27 177 31 77 8
425 12 188 25 70 9
425 151 177 26 75 12
425 465 168 27 84 13
425 442 219 31 93 15
425 567 330 44 125 16
425 633 325 41 113 17
425 352 207 40 95 18
425 111 186 25 69 19
425 597 110 23 69 20
425 622 126 22 61 21
425 319 180 32 83 22
425 381 204 29 85 23
425 396 208 32 92 24
425 601 194 33 91 25
425 389 152 28 76 26
425 346 170 25 77 27
425 251 193 37 89 28
425 347 180 31 80 29
425 306 144 26 72 30
425 641 125 22 63 31
425 453 195 31 87 32
425 482 194 29 83 33
425 698 111 26 65 34
425 325 230 37 102 35
425 492 185 23 83 36
425 112 112 20 54 43
