113 445 229 30 90 1
113 481 113 28 67 2
113 157 202 34 88 3
113 603 93 26 65 4
113 463 184 27 79 5
113 539 154 26 73 6
113 596 149 26 73 7
113 466 196 25 83 8
113 443 213 23 82 9
113 596 130 27 72 10
113 482 352 45 129 11
113 414 139 23 67 12
113 557 181 26 88 13
113 559 143 20 59 14
113 508 150 25 76 15
113 367 122 34 69 18
113 653 168 29 83 20
113 675 175 20 72 21
113 657 276 37 118 22
113 735 279 30 100 23
113 715 218 35 92 25
113 446 396 63 150 26
113 491 226 30 95 27
113 676 274 29 103 29
113 602 372 55 136 34
113 318 238 40 110 35
113 732 91 22 55 38
113 726 91 18 59 39
113 650 184 27 80 40
113 206 131 24 61 41
113 316 74 23 54 42
