101 396 228 33 88 1
101 535 116 31 68 2
101 252 182 37 93 3
101 633 86 28 63 4
101 451 169 27 77 5
101 582 139 23 68 6
101 588 137 23 68 7
101 407 186 26 76 8
101 394 202 23 80 9
101 535 131 30 75 10
101 417 324 41 117 11
101 381 132 23 68 12
101 472 190 27 89 13
101 507 135 29 58 14
101 480 169 29 80 15
101 433 119 23 70 18
101 578 162 34 85 20
101 600 164 22 69 21
101 574 257 33 108 22
101 653 241 34 96 23
101 658 212 35 89 25
101 335 357 49 144 26
101 420 211 22 88 27
101 593 255 22 97 29
101 699 303 41 110 32
101 739 290 24 102 33
101 433 277 48 115 34
101 288 222 34 102 35
101 697 95 22 54 38
101 688 96 19 59 39
101 559 176 28 79 40
101 289 130 23 59 41
101 243 73 24 52 42
