79 298 211 30 81 1
79 570 131 28 75 2
79 403 164 36 87 3
79 685 75 26 61 4
79 434 150 26 74 5
79 589 117 24 62 6
79 550 119 23 60 7
79 356 161 27 74 8
79 328 176 22 74 9
79 438 129 23 73 10
79 293 279 43 107 11
79 304 125 22 64 12
79 329 178 27 84 13
79 406 139 19 61 14
79 346 200 36 96 15
79 528 120 24 73 18
79 456 153 33 81 20
79 483 155 23 69 21
79 445 232 33 106 22
79 503 217 31 87 23
79 536 218 33 93 25
79 208 306 44 117 26
79 304 192 26 83 27
79 467 229 28 95 29
79 730 240 33 100 30
79 594 253 37 105 32
79 615 252 31 99 33
79 362 232 34 105 34
79 233 198 32 91 35
79 711 205 28 90 37
79 633 105 24 57 38
79 616 106 21 62 39
79 388 179 25 74 40
79 425 127 24 60 41
79 133 75 18 49 42
