359 666 158 25 76 1
359 598 170 29 91 2
359 578 304 46 123 3
359 549 250 31 98 5
359 612 167 26 75 6
359 559 185 27 84 7
359 409 177 30 88 8
359 402 188 28 78 9
359 466 237 31 105 10
359 158 269 44 102 11
359 444 228 34 95 12
359 258 206 32 85 16
359 308 205 29 82 17
359 59 144 24 77 18
359 405 248 27 88 19
359 642 220 32 108 20
359 681 226 34 86 21
359 665 253 35 109 22
359 647 305 35 114 23
359 686 293 36 109 24
359 720 231 30 101 26
359 738 252 24 99 27
359 687 251 29 105 29
359 709 227 26 86 31
359 598 188 30 97 34
