15 49 162 19 63 1
15 539 187 34 91 2
15 571 132 37 73 3
15 526 95 26 64 4
15 270 134 21 61 5
15 276 128 21 61 6
15 238 126 25 60 7
15 202 130 22 61 8
15 191 136 21 59 9
15 159 116 25 61 10
15 94 201 31 81 11
15 74 125 20 55 12
15 37 148 19 64 13
15 119 137 19 60 14
15 499 185 34 92 18
15 73 163 26 78 20
15 97 168 23 65 21
15 120 177 25 81 22
15 147 160 22 66 23
15 183 173 27 76 25
15 0 206 22 82 26
15 30 158 21 66 27
15 656 199 31 97 28
15 142 176 26 78 29
15 325 154 24 78 30
15 296 185 33 79 32
15 318 181 30 75 33
15 347 223 34 105 34
15 576 122 31 65 37
15 384 132 27 60 38
15 329 123 27 63 39
15 55 180 27 67 40
