360 667 159 25 77 1
360 595 168 29 90 2
360 589 306 47 124 3
360 544 248 31 98 5
360 611 165 25 75 6
360 555 183 27 83 7
360 403 177 30 88 8
360 395 188 28 77 9
360 456 236 31 104 10
360 149 269 43 103 11
360 441 227 34 94 12
360 259 207 31 86 16
360 310 206 28 83 17
360 64 144 23 77 18
360 400 246 27 88 19
360 639 217 32 106 20
360 678 224 34 86 21
360 658 251 35 109 22
360 643 303 35 113 23
360 681 291 36 108 24
360 713 229 31 101 26
360 735 245 24 99 27
360 679 249 29 104 29
360 705 225 26 86 31
360 596 186 30 97 34
