57 203 195 29 75 1
57 561 149 28 82 2
57 537 147 35 75 3
57 675 75 28 59 4
57 423 139 21 70 5
57 472 123 30 62 6
57 470 109 23 56 7
57 304 150 27 73 8
57 275 159 21 69 9
57 355 118 25 69 10
57 210 247 37 97 11
57 240 122 26 60 12
57 231 159 25 78 13
57 312 132 20 61 14
57 174 231 35 105 15
57 536 139 26 78 18
57 328 157 24 77 20
57 360 159 21 65 21
57 337 208 30 94 22
57 381 192 24 80 23
57 410 215 35 92 25
57 107 265 42 106 26
57 206 176 25 77 27
57 360 207 27 88 29
57 600 202 31 99 30
57 487 230 33 103 32
57 514 233 31 93 33
57 363 228 32 108 34
57 143 181 31 86 35
57 655 167 28 80 37
57 565 115 20 61 38
57 524 119 33 65 39
57 332 171 25 79 40
57 566 124 24 61 41
57 36 78 19 46 42
