44 141 183 30 73 1
44 561 161 28 84 2
44 621 135 33 76 3
44 646 78 26 61 4
44 394 135 21 63 5
44 431 113 22 60 6
44 396 108 23 60 7
44 276 146 23 67 8
44 252 152 20 68 9
44 302 115 27 65 10
44 176 230 34 92 11
44 193 118 22 60 12
44 191 151 25 71 13
44 254 136 19 56 14
44 101 252 35 109 15
44 530 155 26 81 18
44 249 158 27 79 20
44 269 162 21 66 21
44 266 195 30 90 22
44 301 178 29 78 23
44 340 200 30 89 25
44 69 241 36 91 26
44 150 168 26 75 27
44 294 194 26 82 29
44 507 184 36 89 30
44 431 218 33 89 32
44 455 212 29 94 33
44 358 229 35 106 34
44 78 177 32 85 35
44 640 146 26 74 37
44 510 124 28 62 38
44 459 123 24 67 39
44 248 173 28 74 40
44 653 123 24 62 41
