370 687 171 27 78 1
370 557 152 25 86 2
370 697 329 47 128 3
370 504 232 31 92 5
370 582 152 28 70 6
370 508 169 27 78 7
370 341 176 29 87 8
370 326 185 27 78 9
370 397 220 32 97 10
370 64 267 44 102 11
370 407 214 31 91 12
370 678 243 33 99 13
370 281 218 29 93 16
370 335 219 29 87 17
370 113 147 26 75 18
370 372 228 27 86 19
370 611 192 31 92 20
370 646 202 32 82 21
370 582 235 39 102 22
370 604 283 33 105 23
370 645 279 39 109 24
370 705 284 39 114 25
370 647 215 30 97 26
370 683 227 28 92 27
370 620 233 29 98 29
370 703 212 29 92 30
370 670 197 26 82 31
370 734 293 32 107 32
370 592 166 30 89 34
