77 289 209 30 81 1
77 571 133 28 76 2
77 414 163 34 86 3
77 687 75 27 61 4
77 435 149 25 74 5
77 581 116 24 61 6
77 547 117 23 60 7
77 355 159 27 74 8
77 323 174 22 73 9
77 430 129 23 72 10
77 284 276 42 106 11
77 299 125 23 64 12
77 320 176 25 84 13
77 397 140 19 60 14
77 333 203 34 97 15
77 533 121 24 73 18
77 446 153 32 81 20
77 474 156 22 69 21
77 436 231 33 104 22
77 491 215 31 85 23
77 525 220 34 93 25
77 200 303 43 116 26
77 295 190 26 82 27
77 458 227 28 94 29
77 720 238 38 104 30
77 585 249 37 104 32
77 605 249 31 99 33
77 362 231 32 106 34
77 227 197 31 91 35
77 704 201 27 89 37
77 627 106 24 58 38
77 610 107 21 62 39
77 379 179 24 76 40
77 437 127 25 60 41
77 124 76 18 48 42
