395 670 194 32 81 1
395 429 142 24 67 2
395 716 315 35 130 3
395 707 193 40 101 4
395 421 195 27 81 5
395 459 169 30 77 6
395 392 145 24 70 7
395 193 173 26 81 8
395 171 187 29 75 9
395 219 197 32 90 10
395 308 188 29 82 12
395 583 203 27 97 13
395 691 241 32 103 15
395 366 265 32 100 16
395 432 261 34 95 17
395 242 160 35 81 18
395 248 206 28 75 19
395 585 145 25 81 20
395 621 158 25 73 21
395 457 206 34 96 22
395 502 242 30 99 23
395 539 237 33 99 24
395 619 242 33 104 25
395 521 182 30 92 26
395 531 194 29 85 27
395 504 220 33 97 28
395 487 204 28 85 29
395 507 165 28 83 30
395 640 152 25 72 31
395 625 235 35 99 32
395 655 232 31 96 33
395 641 123 26 73 34
395 590 222 31 94 35
395 674 224 26 96 36
