104 410 229 35 90 1
104 526 114 32 68 2
104 226 187 39 90 3
104 624 88 29 62 4
104 454 171 27 78 5
104 571 143 24 70 6
104 591 140 23 70 7
104 419 190 26 78 8
104 406 205 23 80 9
104 549 129 28 75 10
104 431 330 41 121 11
104 390 133 23 68 12
104 494 189 26 89 13
104 525 134 24 58 14
104 489 165 28 78 15
104 418 116 26 73 18
104 595 164 32 84 20
104 617 166 21 70 21
104 591 262 39 110 22
104 677 246 36 97 23
104 672 211 38 90 25
104 357 364 53 143 26
104 438 216 23 91 27
104 613 260 22 98 29
104 717 310 37 110 32
104 463 291 49 117 34
104 293 226 34 104 35
104 707 94 22 54 38
104 698 94 18 59 39
104 583 178 27 79 40
104 268 130 23 59 41
104 260 73 25 53 42
