0 17 151 20 63 1
0 499 196 30 98 2
0 482 135 25 75 3
0 440 100 29 63 4
0 198 137 26 63 5
0 175 137 29 65 6
0 150 136 26 61 7
0 160 125 22 60 8
0 123 137 27 59 9
0 88 122 25 60 10
0 50 189 29 72 11
0 18 124 22 58 12
0 50 142 18 64 13
0 59 135 18 62 14
0 471 185 29 97 18
0 5 159 26 77 20
0 29 162 22 69 21
0 47 173 24 73 22
0 79 157 26 64 23
0 106 164 27 72 25
0 551 177 33 82 28
0 65 169 27 75 29
0 233 147 22 72 30
0 217 173 28 74 32
0 240 171 32 74 33
0 339 209 35 103 34
0 491 122 25 71 37
0 322 130 27 57 38
0 262 125 34 61 39
0 2 172 16 68 40
