357 664 156 25 76 1
357 605 173 30 91 2
357 558 299 46 120 3
357 559 253 31 99 5
357 612 171 27 76 6
357 567 189 28 85 7
357 421 177 30 87 8
357 414 188 28 78 9
357 487 239 32 105 10
357 178 268 43 101 11
357 451 231 35 96 12
357 253 204 32 83 16
357 302 202 31 81 17
357 48 143 24 76 18
357 415 250 27 88 19
357 647 226 33 110 20
357 687 232 34 86 21
357 679 258 34 109 22
357 656 309 36 116 23
357 694 296 36 111 24
357 730 246 30 99 26
357 703 256 30 105 29
357 716 231 26 87 31
357 601 192 30 98 34
