3 23 153 20 63 1
3 506 196 33 96 2
3 499 134 29 75 3
3 456 99 27 63 4
3 211 137 25 62 5
3 195 135 26 64 6
3 166 134 25 61 7
3 167 126 22 60 8
3 137 136 26 59 9
3 101 121 25 60 10
3 58 192 29 75 11
3 28 124 22 58 12
3 54 144 18 64 13
3 69 136 18 62 14
3 476 185 30 96 18
3 16 160 27 77 20
3 41 164 22 68 21
3 59 173 25 75 22
3 92 157 25 65 23
3 121 166 27 72 25
3 573 180 34 86 28
3 79 170 26 76 29
3 250 148 23 73 30
3 231 175 29 75 32
3 255 173 32 74 33
3 341 212 35 104 34
3 507 122 27 68 37
3 333 130 27 58 38
3 275 125 33 62 39
3 6 173 18 69 40
