371 689 172 27 78 1
371 552 151 25 85 2
371 707 331 48 128 3
371 500 231 30 91 5
371 578 151 27 70 6
371 503 168 27 77 7
371 335 176 29 86 8
371 319 185 27 78 9
371 395 217 31 97 10
371 57 266 43 102 11
371 404 212 31 91 12
371 672 241 33 98 13
371 284 220 29 93 16
371 337 221 29 88 17
371 118 148 27 75 18
371 370 226 27 86 19
371 609 190 31 91 20
371 643 200 32 82 21
371 577 233 38 102 22
371 600 281 33 105 23
371 641 277 39 109 24
371 700 282 39 113 25
371 641 213 30 96 26
371 677 226 28 92 27
371 615 232 29 97 29
371 695 210 30 91 30
371 667 195 26 82 31
371 734 287 32 106 32
371 593 164 30 89 34
