38 114 179 28 71 1
38 558 167 29 86 2
38 643 131 29 76 3
38 627 84 25 62 4
38 370 133 22 62 5
38 408 109 20 59 6
38 363 112 23 59 7
38 266 141 22 63 8
38 241 148 20 68 9
38 269 117 25 61 10
38 163 220 32 90 11
38 167 118 20 59 12
38 154 150 24 69 13
38 223 138 20 55 14
38 43 262 36 112 15
38 529 162 27 82 18
38 207 159 26 80 20
38 227 163 21 66 21
38 234 189 30 88 22
38 262 173 29 76 23
38 302 193 28 86 25
38 55 231 35 88 26
38 123 163 24 75 27
38 261 187 26 80 29
38 464 176 35 87 30
38 401 209 33 87 32
38 427 203 27 90 33
38 354 229 33 107 34
38 51 175 29 80 35
38 631 139 25 72 37
38 481 126 29 65 38
38 432 124 22 66 39
38 203 173 24 72 40
38 702 125 24 62 41
