364 675 164 26 77 1
364 581 160 27 89 2
364 628 315 48 126 3
364 526 242 31 96 5
364 604 159 25 74 6
364 538 177 26 81 7
364 380 176 29 88 8
364 370 189 28 76 9
364 424 231 31 102 10
364 114 268 41 106 11
364 427 221 33 93 12
364 716 252 32 99 13
364 266 210 29 89 16
364 321 210 28 85 17
364 84 145 23 77 18
364 383 240 27 88 19
364 628 206 31 101 20
364 665 215 33 85 21
364 627 244 37 106 22
364 627 295 34 110 23
364 666 286 37 106 24
364 731 293 34 116 25
364 684 222 33 101 26
364 718 235 27 96 27
364 653 240 29 103 29
364 691 214 25 84 31
364 591 178 30 94 34
