89 340 221 30 84 1
89 560 123 28 72 2
89 344 171 39 88 3
89 670 78 25 64 4
89 439 158 27 75 5
89 611 125 22 64 6
89 570 126 23 63 7
89 375 170 26 77 8
89 356 188 22 76 9
89 484 131 24 76 10
89 352 300 40 110 11
89 340 132 21 61 12
89 394 184 23 85 13
89 450 133 18 62 14
89 425 184 29 92 15
89 491 118 23 71 18
89 510 155 29 82 20
89 534 154 23 68 21
89 496 242 39 107 22
89 568 225 31 94 23
89 592 218 39 87 25
89 263 328 47 132 26
89 356 201 24 86 27
89 521 241 27 97 29
89 639 272 40 107 32
89 671 273 34 101 33
89 372 239 38 106 34
89 265 204 32 94 35
89 746 223 21 88 37
89 660 100 23 55 38
89 646 102 22 61 39
89 467 175 31 76 40
89 365 129 24 60 41
89 180 74 22 51 42
