400 644 195 34 82 1
400 397 144 24 71 2
400 683 300 38 126 3
400 686 184 41 99 4
400 406 187 27 79 5
400 450 175 27 79 6
400 369 142 24 68 7
400 168 172 29 79 8
400 143 188 29 74 9
400 171 196 38 87 10
400 283 186 28 81 12
400 569 197 27 91 13
400 650 239 30 102 15
400 397 272 33 102 16
400 462 270 34 98 17
400 263 165 35 85 18
400 224 201 29 76 19
400 584 139 25 79 20
400 619 149 25 71 21
400 434 204 34 96 22
400 481 235 30 97 23
400 516 233 33 97 24
400 611 236 32 106 25
400 498 176 30 86 26
400 501 190 28 84 27
400 456 216 39 96 28
400 463 200 28 84 29
400 472 161 26 82 30
400 640 147 25 68 31
400 600 226 34 99 32
400 627 222 29 93 33
400 653 118 26 68 34
400 557 228 32 101 35
400 646 217 27 93 36
400 8 124 18 46 43
