108 427 230 32 90 1
108 508 113 31 67 2
108 193 194 39 87 3
108 614 90 28 63 4
108 458 177 27 78 5
108 557 147 25 72 6
108 595 145 23 72 7
108 435 193 26 80 8
108 422 209 23 81 9
108 569 128 29 74 10
108 450 339 42 126 11
108 401 136 23 68 12
108 523 185 25 89 13
108 543 137 20 59 14
108 498 158 26 78 15
108 396 115 30 75 18
108 621 166 30 84 20
108 643 170 21 72 21
108 623 269 39 114 22
108 708 253 37 97 23
108 690 211 40 91 25
108 398 376 55 142 26
108 461 221 27 94 27
108 641 268 23 100 29
108 515 321 55 129 34
108 300 232 35 106 35
108 720 92 22 54 38
108 712 92 18 58 39
108 613 180 26 79 40
108 240 130 23 59 41
108 283 73 25 55 42
