109 431 230 31 90 1
109 503 113 31 67 2
109 185 196 38 87 3
109 612 91 28 63 4
109 459 178 27 79 5
109 554 148 25 73 6
109 596 146 23 73 7
109 440 194 25 81 8
109 426 209 23 81 9
109 575 128 30 74 10
109 456 342 42 127 11
109 404 137 23 68 12
109 530 184 25 89 13
109 547 138 20 59 14
109 500 157 26 78 15
109 391 116 31 74 18
109 627 166 30 84 20
109 650 170 20 72 21
109 632 270 38 116 22
109 716 254 35 97 23
109 695 212 39 91 25
109 408 380 55 144 26
109 467 222 29 94 27
109 648 270 23 101 29
109 531 331 56 131 34
109 302 233 35 107 35
109 722 92 22 54 38
109 715 92 18 58 39
109 621 181 26 79 40
109 233 130 23 60 41
109 289 73 25 55 42
