424 520 188 35 82 1
424 250 166 32 80 2
424 545 233 34 103 3
424 645 142 32 85 4
424 311 167 28 69 5
424 457 213 29 91 6
424 248 133 23 60 7
424 32 177 31 77 8
424 16 188 26 70 9
424 156 177 26 76 12
424 470 169 27 84 13
424 450 221 31 93 15
424 559 327 42 124 16
424 624 322 41 113 17
424 348 205 39 95 18
424 115 186 26 70 19
424 596 111 24 70 20
424 623 126 22 61 21
424 324 181 32 84 22
424 385 205 29 85 23
424 402 209 32 92 24
424 601 195 33 92 25
424 393 153 28 76 26
424 352 170 25 77 27
424 258 194 37 90 28
424 352 181 31 80 29
424 312 144 26 72 30
424 642 125 22 63 31
424 459 196 31 88 32
424 488 195 30 83 33
424 698 110 26 65 34
424 334 231 38 102 35
424 499 186 23 83 36
424 108 112 20 53 43
