59 211 196 29 76 1
59 561 147 28 82 2
59 524 150 37 76 3
59 679 75 28 58 4
59 427 139 21 71 5
59 483 123 29 61 6
59 481 109 23 56 7
59 309 151 27 74 8
59 278 161 21 70 9
59 363 120 24 70 10
59 217 249 38 98 11
59 246 123 25 60 12
59 239 160 26 78 13
59 320 134 21 60 14
59 184 227 37 106 15
59 537 137 26 77 18
59 338 158 24 78 20
59 372 158 21 65 21
59 347 210 30 95 22
59 392 194 25 82 23
59 420 217 35 92 25
59 115 269 42 107 26
59 216 177 25 78 27
59 369 208 28 89 29
59 614 205 30 101 30
59 496 232 34 103 32
59 524 235 31 92 33
59 361 227 32 109 34
59 154 181 31 86 35
59 656 170 28 81 37
59 573 114 19 61 38
59 537 118 29 65 39
59 341 172 26 79 40
59 553 124 24 61 41
59 45 77 19 46 42
