394 675 194 32 81 1
394 434 142 23 68 2
394 723 318 34 131 3
394 712 194 39 102 4
394 424 196 27 81 5
394 461 168 31 76 6
394 396 145 24 70 7
394 198 173 26 81 8
394 177 187 29 75 9
394 230 197 31 90 10
394 313 189 29 82 12
394 585 204 28 97 13
394 698 241 33 103 15
394 360 263 32 100 16
394 426 260 34 94 17
394 237 159 35 81 18
394 253 207 28 74 19
394 585 146 25 81 20
394 621 159 25 73 21
394 462 206 34 96 22
394 507 243 29 99 23
394 544 239 33 99 24
394 621 243 33 104 25
394 525 183 30 93 26
394 537 195 29 85 27
394 515 220 32 98 28
394 492 205 28 85 29
394 514 166 28 84 30
394 640 154 25 73 31
394 630 236 35 99 32
394 660 234 31 96 33
394 639 124 26 74 34
394 597 221 30 93 35
394 679 225 26 97 36
