355 663 154 24 75 1
355 612 177 30 92 2
355 541 296 47 118 3
355 569 257 31 99 5
355 610 174 28 77 6
355 575 192 28 86 7
355 433 178 31 87 8
355 426 188 28 79 9
355 504 242 35 104 10
355 197 266 40 100 11
355 457 233 35 96 12
355 248 201 31 83 16
355 297 200 33 80 17
355 38 143 25 75 18
355 425 253 27 88 19
355 653 233 34 111 20
355 694 238 34 85 21
355 692 262 33 109 22
355 667 313 36 116 23
355 702 300 36 114 24
355 728 314 37 91 26
355 718 260 31 106 29
355 723 235 26 88 31
355 606 197 30 99 34
