46 151 185 30 73 1
46 562 159 28 84 2
46 609 136 32 76 3
46 651 78 26 61 4
46 400 135 20 64 5
46 436 115 24 61 6
46 408 107 23 60 7
46 280 147 24 68 8
46 256 153 20 68 9
46 312 114 26 65 10
46 181 232 34 92 11
46 201 119 24 59 12
46 200 152 25 72 13
46 264 135 19 57 14
46 116 250 36 108 15
46 530 152 26 81 18
46 263 157 26 79 20
46 283 161 21 66 21
46 277 197 30 91 22
46 314 179 29 78 23
46 352 202 31 89 25
46 72 244 37 94 26
46 159 169 26 75 27
46 304 196 26 82 29
46 522 187 35 90 30
46 440 221 33 90 32
46 465 216 29 95 33
46 360 229 35 107 34
46 87 177 31 86 35
46 643 149 27 75 37
46 519 123 27 62 38
46 467 122 25 67 39
46 261 173 28 74 40
46 639 123 24 61 41
