27 80 171 23 66 1
27 551 176 30 88 2
27 628 133 33 71 3
27 580 90 29 64 4
27 311 132 26 62 5
27 343 115 26 60 6
27 310 121 24 57 7
27 245 135 21 61 8
27 221 140 20 64 9
27 216 114 18 64 10
27 131 209 36 85 11
27 117 121 21 56 12
27 83 151 25 64 13
27 168 139 23 54 14
27 520 174 27 89 18
27 135 161 24 79 20
27 158 166 25 66 21
27 182 182 25 86 22
27 199 166 21 74 23
27 239 181 28 80 25
27 21 221 33 86 26
27 78 160 22 68 27
27 721 222 31 102 28
27 200 181 30 76 29
27 394 164 26 85 30
27 350 195 33 83 32
27 371 191 29 83 33
27 348 228 31 108 34
27 7 171 22 75 35
27 616 128 25 68 37
27 434 130 28 64 38
27 379 123 22 65 39
27 121 180 29 70 40
