417 551 190 37 83 1
417 289 159 29 79 2
417 579 252 35 107 3
417 651 153 34 90 4
417 338 172 29 72 5
417 464 197 30 87 6
417 285 134 22 60 7
417 70 179 34 78 8
417 52 188 30 73 9
417 33 188 25 77 10
417 193 179 27 77 12
417 501 175 27 83 13
417 507 228 34 97 15
417 509 307 35 121 16
417 566 304 40 109 17
417 320 190 34 93 18
417 145 190 27 72 19
417 589 119 25 71 20
417 627 130 23 65 21
417 352 185 33 88 22
417 414 214 30 89 23
417 441 216 34 94 24
417 601 207 31 96 25
417 424 158 28 78 26
417 392 174 24 80 27
417 311 201 35 94 28
417 388 186 30 82 29
417 360 147 28 75 30
417 644 128 21 63 31
417 500 204 32 90 32
417 529 203 29 86 33
417 687 104 24 65 34
417 403 240 35 103 35
417 543 193 25 86 36
417 77 115 20 53 43
