412 579 192 37 83 1
412 321 154 26 78 2
412 606 266 37 111 3
412 660 162 35 93 4
412 358 176 29 73 5
412 474 189 31 84 6
412 309 138 23 61 7
412 102 178 31 78 8
412 81 189 28 73 9
412 77 190 28 82 10
412 221 181 27 78 12
412 529 183 28 83 13
412 544 233 42 99 15
412 474 295 35 113 16
412 534 293 37 105 17
412 302 181 32 91 18
412 169 193 26 71 19
412 584 125 25 73 20
412 623 134 23 67 21
412 373 188 33 91 22
412 434 220 31 91 23
412 464 222 35 93 24
412 603 215 31 100 25
412 446 162 28 80 26
412 424 179 25 82 27
412 354 205 39 96 28
412 410 190 29 83 29
412 397 151 24 76 30
412 641 133 24 63 31
412 530 210 32 93 32
412 558 208 29 88 33
412 678 104 23 70 34
412 449 241 49 105 35
412 575 201 26 87 36
412 55 116 21 52 43
