47 156 186 30 73 1
47 563 159 28 84 2
47 603 137 31 75 3
47 653 77 26 60 4
47 403 135 20 65 5
47 438 116 25 62 6
47 414 107 23 59 7
47 282 147 24 68 8
47 257 153 20 68 9
47 317 114 25 66 10
47 183 234 34 93 11
47 204 119 24 59 12
47 203 153 25 72 13
47 268 135 19 58 14
47 123 249 37 108 15
47 530 151 26 81 18
47 270 156 26 78 20
47 291 161 21 66 21
47 282 198 30 91 22
47 321 180 29 78 23
47 358 203 31 89 25
47 74 246 38 95 26
47 163 170 26 75 27
47 310 197 25 83 29
47 530 189 35 90 30
47 445 222 33 91 32
47 469 217 30 95 33
47 361 229 35 107 34
47 91 177 31 86 35
47 645 150 27 75 37
47 523 122 27 61 38
47 472 122 26 67 39
47 268 173 27 75 40
47 632 123 23 61 41
