85 323 217 30 83 1
85 566 126 28 73 2
85 368 168 41 88 3
85 678 76 25 64 4
85 435 155 26 75 5
85 608 122 23 63 6
85 562 123 23 62 7
85 365 166 26 75 8
85 344 183 22 75 9
85 463 130 24 75 10
85 326 291 40 106 11
85 323 129 20 64 12
85 367 182 27 84 13
85 433 136 18 63 14
85 399 189 29 95 15
85 510 119 23 72 18
85 490 154 33 80 20
85 512 154 24 68 21
85 473 237 38 106 22
85 542 220 30 92 23
85 569 218 37 89 25
85 240 318 46 125 26
85 335 198 25 85 27
85 499 236 28 97 29
85 623 264 37 106 32
85 649 264 33 100 33
85 365 236 39 103 34
85 254 201 30 93 35
85 733 216 29 91 37
85 649 102 23 56 38
85 633 104 22 62 39
85 433 177 26 75 40
85 388 128 24 60 41
85 161 74 22 51 42
