121 472 225 30 92 1
121 433 113 30 67 2
121 108 213 33 92 3
121 583 97 23 67 4
121 464 196 27 81 5
121 505 165 30 74 6
121 554 156 28 72 7
121 521 198 26 87 8
121 496 217 24 84 9
121 629 137 28 74 10
121 544 373 45 130 11
121 423 142 24 68 12
121 607 171 24 84 13
121 551 151 22 62 14
121 529 139 25 77 15
121 317 126 29 68 18
121 689 175 28 82 20
121 718 183 25 72 21
121 709 291 41 120 22
121 745 264 22 104 25
121 523 433 60 138 26
121 538 240 34 97 27
121 732 281 28 110 29
121 381 245 46 112 35
121 747 88 18 59 39
121 700 190 33 82 40
121 153 133 26 62 41
121 369 77 22 51 42
