94 364 224 30 85 1
94 550 119 28 70 2
94 310 175 32 89 3
94 655 81 26 63 4
94 444 163 27 76 5
94 603 131 22 65 6
94 580 130 23 64 7
94 387 175 26 77 8
94 371 194 23 78 9
94 506 131 27 75 10
94 381 310 40 113 11
94 357 132 22 63 12
94 427 186 23 87 13
94 473 132 22 60 14
94 451 178 30 88 15
94 468 118 23 70 18
94 534 159 36 83 20
94 561 157 22 69 21
94 530 248 32 107 22
94 600 233 34 93 23
94 621 215 35 88 25
94 289 338 46 136 26
94 380 204 21 84 27
94 548 247 24 98 29
94 659 283 46 109 32
94 699 283 35 102 33
94 385 253 39 111 34
94 275 212 34 97 35
94 674 98 23 55 38
94 664 99 21 61 39
94 506 174 33 78 40
94 336 129 24 59 41
94 206 73 20 52 42
