11 40 159 19 63 1
11 527 192 39 92 2
11 550 131 38 74 3
11 505 96 25 63 4
11 252 135 22 62 5
11 253 130 21 62 6
11 215 128 24 61 7
11 190 129 22 60 8
11 175 136 23 59 9
11 142 117 25 60 10
11 82 199 30 80 11
11 59 125 21 56 12
11 41 147 18 64 13
11 102 136 18 61 14
11 491 185 32 93 18
11 52 163 28 77 20
11 78 168 22 65 21
11 99 175 25 79 22
11 130 159 22 66 23
11 165 171 27 74 25
11 0 203 14 80 26
11 14 157 21 66 27
11 633 192 29 95 28
11 121 174 26 78 29
11 302 151 23 76 30
11 274 182 31 77 32
11 299 178 31 73 33
11 346 221 34 105 34
11 554 122 30 65 37
11 367 131 27 59 38
11 313 123 29 63 39
11 36 177 23 67 40
