25 74 169 22 65 1
25 550 178 31 88 2
25 621 133 34 70 3
25 570 91 30 64 4
25 300 132 27 63 5
25 331 119 27 60 6
25 298 122 24 58 7
25 238 134 21 61 8
25 217 139 20 63 9
25 206 114 18 64 10
25 124 208 36 84 11
25 110 122 22 56 12
25 70 150 24 64 13
25 159 139 24 55 14
25 518 176 28 90 18
25 124 162 24 79 20
25 147 167 26 66 21
25 173 181 24 85 22
25 189 165 21 71 23
25 229 180 28 80 25
25 16 219 33 87 26
25 70 160 22 67 27
25 709 216 28 101 28
25 190 181 30 76 29
25 382 162 25 84 30
25 341 194 33 82 32
25 360 189 29 82 33
25 348 227 32 107 34
25 4 172 19 73 35
25 613 126 25 68 37
25 426 130 28 63 38
25 369 123 22 65 39
25 110 181 30 69 40
