22 66 167 20 64 1
22 549 181 31 89 2
22 608 133 35 70 3
22 557 92 29 64 4
22 289 133 26 62 5
22 313 124 29 59 6
22 279 123 26 59 7
22 228 133 22 61 8
22 212 137 20 61 9
22 190 115 19 63 10
22 115 206 34 84 11
22 99 123 21 55 12
22 55 149 22 64 13
22 146 139 24 56 14
22 513 180 30 91 18
22 108 163 25 78 20
22 131 167 26 66 21
22 157 180 24 84 22
22 174 163 21 69 23
22 214 177 29 79 25
22 8 215 34 86 26
22 58 159 22 67 27
22 693 210 28 101 28
22 175 180 29 75 29
22 365 159 24 82 30
22 328 191 33 81 32
22 347 186 29 79 33
22 346 225 34 106 34
22 1 173 14 70 35
22 607 124 26 67 37
22 413 131 27 62 38
22 357 123 23 64 39
22 92 181 30 68 40
