405 617 195 35 82 1
405 365 147 24 76 2
405 650 286 40 120 3
405 674 175 38 97 4
405 388 181 27 77 5
405 459 181 28 81 6
405 344 141 24 64 7
405 143 173 30 78 8
405 116 189 28 73 9
405 133 194 33 86 10
405 258 183 28 80 12
405 554 191 28 86 13
405 604 237 38 101 15
405 427 280 34 104 16
405 492 280 35 101 17
405 282 171 34 89 18
405 201 198 25 70 19
405 583 133 25 77 20
405 618 142 24 69 21
405 409 198 33 94 22
405 461 229 30 95 23
405 492 229 34 94 24
405 607 228 31 104 25
405 476 170 30 82 26
405 470 186 28 83 27
405 417 210 38 97 28
405 441 196 29 84 29
405 440 157 25 79 30
405 640 142 25 65 31
405 574 217 34 98 32
405 599 216 29 91 33
405 664 113 27 69 34
405 523 233 39 105 35
405 619 211 27 90 36
405 24 119 20 51 43
