366 679 166 26 77 1
366 573 157 26 88 2
366 647 318 47 126 3
366 519 238 31 94 5
366 597 156 27 72 6
366 528 174 26 80 7
366 368 176 29 88 8
366 356 188 27 77 9
366 413 228 32 99 10
366 97 267 42 106 11
366 421 219 32 92 12
366 704 248 33 99 13
366 271 212 29 91 16
366 326 212 28 86 17
366 94 146 24 76 18
366 379 237 27 88 19
366 622 201 31 98 20
366 658 210 33 84 21
366 611 241 38 104 22
366 620 291 34 109 23
366 659 283 38 107 24
366 722 290 38 117 25
366 672 219 32 100 26
366 707 232 28 95 27
366 643 237 29 102 29
366 730 227 29 94 30
366 684 208 25 84 31
366 590 174 30 92 34
