368 683 168 26 78 1
368 566 154 26 87 2
368 673 324 46 127 3
368 511 235 31 93 5
368 589 154 28 71 6
368 518 172 26 79 7
368 355 176 29 88 8
368 341 186 27 77 9
368 404 224 32 98 10
368 80 267 44 104 11
368 414 216 32 92 12
368 691 246 33 99 13
368 276 215 29 92 16
368 331 215 28 87 17
368 103 146 25 76 18
368 375 232 27 87 19
368 616 196 31 95 20
368 652 206 33 83 21
368 596 238 39 103 22
368 612 287 34 107 23
368 652 281 38 108 24
368 713 287 40 116 25
368 660 217 31 99 26
368 695 230 28 94 27
368 632 235 29 100 29
368 718 217 29 92 30
368 677 202 25 83 31
368 590 170 30 91 34
