127 491 222 29 90 1
127 394 114 32 67 2
127 79 219 32 94 3
127 567 101 23 68 4
127 464 204 27 82 5
127 470 168 29 75 6
127 518 156 26 72 7
127 551 199 30 93 8
127 531 217 26 89 9
127 635 141 30 76 10
127 593 384 42 132 11
127 426 144 26 69 12
127 634 167 23 83 13
127 535 156 24 65 14
127 544 132 24 74 15
127 283 130 34 68 18
127 704 181 32 87 20
127 744 200 20 76 21
127 733 298 33 115 22
127 583 460 60 113 26
127 567 248 33 102 27
127 435 251 39 114 35
127 754 87 13 57 39
127 730 200 27 79 40
127 115 135 27 61 41
127 405 77 19 52 42
