106 418 230 34 90 1
106 518 114 32 68 2
106 208 190 40 88 3
106 619 90 29 62 4
106 456 174 27 78 5
106 564 145 24 71 6
106 593 143 23 71 7
106 427 192 26 79 8
106 414 207 23 81 9
106 559 128 28 75 10
106 440 335 41 124 11
106 395 135 23 68 12
106 508 187 25 90 13
106 535 135 21 58 14
106 494 162 27 78 15
106 407 115 28 75 18
106 608 165 31 84 20
106 629 168 21 71 21
106 605 266 42 111 22
106 693 250 37 97 23
106 681 211 39 91 25
106 376 370 57 142 26
106 450 218 25 93 27
106 627 264 22 99 29
106 729 307 34 109 32
106 487 305 52 121 34
106 297 229 34 105 35
106 713 93 22 54 38
106 705 93 18 58 39
106 598 179 27 79 40
106 254 130 22 59 41
106 271 73 25 54 42
