423 524 188 35 82 1
423 254 165 32 80 2
423 549 236 34 104 3
423 645 143 33 86 4
423 315 168 28 70 5
423 455 210 29 90 6
423 253 133 23 60 7
423 38 176 31 77 8
423 21 188 27 70 9
423 1 183 25 82 10
423 161 177 27 76 12
423 474 170 27 84 13
423 458 222 31 94 15
423 552 324 41 124 16
423 615 319 41 112 17
423 344 203 38 94 18
423 119 187 26 70 19
423 595 112 25 70 20
423 625 126 22 62 21
423 328 181 32 85 22
423 389 206 29 86 23
423 408 210 32 93 24
423 601 197 33 93 25
423 397 154 28 76 26
423 358 171 25 78 27
423 265 195 38 91 28
423 358 182 32 80 29
423 319 145 27 73 30
423 643 125 21 63 31
423 465 197 31 88 32
423 494 196 30 84 33
423 698 109 25 64 34
423 344 233 37 102 35
423 505 187 23 84 36
423 104 113 20 53 43
