112 441 229 30 90 1
112 487 113 29 67 2
112 164 201 35 88 3
112 605 92 26 64 4
112 462 182 27 79 5
112 543 152 26 73 6
112 597 149 24 73 7
112 459 196 25 82 8
112 438 212 23 81 9
112 591 129 28 72 10
112 475 350 44 129 11
112 412 139 23 67 12
112 550 182 26 89 13
112 557 141 20 59 14
112 506 152 25 77 15
112 373 121 33 70 18
112 647 168 29 84 20
112 669 174 20 72 21
112 652 274 36 118 22
112 734 267 30 98 23
112 710 216 36 92 25
112 435 392 61 149 26
112 484 225 31 95 27
112 669 273 26 103 29
112 583 361 55 135 34
112 312 237 39 109 35
112 730 91 22 55 38
112 723 91 18 59 39
112 643 183 26 80 40
112 213 131 24 61 41
112 309 74 24 54 42
