116 455 228 30 91 1
116 465 113 27 67 2
116 137 207 32 89 3
116 596 94 24 66 4
116 465 188 27 80 5
116 527 158 28 74 6
116 586 152 32 73 7
116 487 197 25 84 8
116 462 214 24 82 9
116 610 133 26 72 10
116 504 360 46 130 11
116 420 141 23 67 12
116 577 178 26 87 13
116 561 146 20 60 14
116 516 146 25 77 15
116 347 124 33 67 18
116 670 170 28 83 20
116 693 178 21 72 21
116 676 281 40 119 22
116 730 224 31 93 25
116 480 409 62 148 26
116 512 231 29 96 27
116 698 277 36 106 29
116 666 409 56 139 34
116 342 240 37 112 35
116 737 90 22 57 38
116 735 90 18 59 39
116 670 186 30 82 40
116 185 132 25 62 41
116 337 76 21 52 42
