95 369 225 30 85 1
95 548 119 29 70 2
95 302 176 32 89 3
95 652 82 27 63 4
95 445 163 27 76 5
95 601 132 22 65 6
95 581 131 23 64 7
95 390 177 26 77 8
95 374 196 23 78 9
95 510 131 28 75 10
95 386 312 40 114 11
95 361 132 22 64 12
95 434 187 24 87 13
95 477 133 24 59 14
95 456 177 30 86 15
95 464 119 23 69 18
95 539 160 36 83 20
95 567 158 22 69 21
95 536 249 32 107 22
95 607 234 34 93 23
95 627 215 35 88 25
95 295 340 46 137 26
95 385 204 21 84 27
95 554 249 24 98 29
95 663 286 46 109 32
95 705 286 35 102 33
95 390 257 40 111 34
95 277 213 34 98 35
95 677 98 23 55 38
95 667 99 21 60 39
95 514 174 32 78 40
95 330 129 24 59 41
95 211 73 20 52 42
