115 452 228 30 91 1
115 470 113 27 67 2
115 143 206 33 89 3
115 598 93 25 65 4
115 464 187 27 80 5
115 531 157 27 74 6
115 591 151 30 73 7
115 480 197 25 83 8
115 455 214 24 82 9
115 606 132 26 72 10
115 496 358 46 130 11
115 419 140 23 67 12
115 570 179 26 87 13
115 561 145 20 60 14
115 513 147 25 76 15
115 354 123 34 68 18
115 665 170 28 83 20
115 687 177 20 72 21
115 670 279 39 119 22
115 725 222 32 92 25
115 469 405 64 149 26
115 505 229 28 96 27
115 691 276 35 105 29
115 645 398 56 139 34
115 333 239 38 111 35
115 735 90 22 56 38
115 732 90 18 59 39
115 663 185 29 81 40
115 192 132 25 61 41
115 330 75 22 52 42
