50 171 190 30 74 1
50 562 156 27 83 2
50 583 140 30 74 3
50 660 77 27 60 4
50 411 136 19 66 5
50 445 119 27 63 6
50 431 108 23 58 7
50 289 148 25 70 8
50 263 155 20 68 9
50 330 114 24 67 10
50 190 237 35 94 11
50 215 120 26 59 12
50 210 154 24 74 13
50 282 133 19 59 14
50 140 244 36 107 15
50 531 147 26 80 18
50 290 155 25 77 20
50 312 160 21 66 21
50 299 201 30 92 22
50 341 184 29 78 23
50 375 207 32 90 25
50 81 251 39 98 26
50 176 172 26 75 27
50 326 201 25 84 29
50 551 193 34 93 30
50 457 225 33 95 32
50 483 222 30 95 33
50 365 229 34 107 34
50 105 177 31 86 35
50 649 154 28 76 37
50 536 120 25 61 38
50 485 122 32 67 39
50 288 172 27 76 40
50 611 123 23 61 41
50 8 76 18 46 42
