410 590 193 37 83 1
410 334 152 25 78 2
410 617 272 38 114 3
410 664 165 36 95 4
410 366 178 29 74 5
410 471 186 30 83 6
410 319 139 24 61 7
410 115 176 29 78 8
410 92 189 27 73 9
410 94 190 30 84 10
410 231 181 28 79 12
410 538 186 28 84 13
410 560 235 44 99 15
410 460 290 35 110 16
410 522 289 36 103 17
410 296 178 32 90 18
410 178 194 25 70 19
410 583 127 25 74 20
410 621 137 24 68 21
410 382 190 34 92 22
410 442 223 31 92 23
410 470 224 35 91 24
410 604 219 31 101 25
410 455 164 29 80 26
410 437 181 26 82 27
410 372 205 37 97 28
410 418 192 29 83 29
410 410 153 24 77 30
410 640 136 25 63 31
410 543 212 33 94 32
410 569 211 29 89 33
410 674 106 24 70 34
410 472 238 45 106 35
410 589 204 27 88 36
410 46 117 21 52 43
