82 310 214 30 82 1
82 568 129 28 74 2
82 386 166 39 87 3
82 682 75 26 63 4
82 434 153 26 75 5
82 600 120 24 62 6
82 556 121 23 61 7
82 360 163 26 75 8
82 335 179 22 75 9
82 450 129 24 74 10
82 309 285 41 106 11
82 313 126 21 65 12
82 346 180 29 84 13
82 419 137 19 63 14
82 370 195 35 95 15
82 520 120 23 73 18
82 472 154 34 81 20
82 498 155 26 68 21
82 459 234 35 107 22
82 522 218 30 89 23
82 552 218 34 92 25
82 223 312 45 121 26
82 319 195 26 84 27
82 482 233 28 96 29
82 609 258 36 105 32
82 632 258 32 100 33
82 362 234 37 103 34
82 244 200 32 92 35
82 722 211 31 92 37
82 641 104 24 57 38
82 625 105 22 62 39
82 409 178 25 74 40
82 407 128 24 60 41
82 147 75 20 50 42
