97 378 226 30 86 1
97 544 118 29 69 2
97 286 178 34 91 3
97 645 83 27 63 4
97 447 165 27 77 5
97 596 134 22 66 6
97 584 133 23 65 7
97 394 181 26 76 8
97 381 198 23 79 9
97 518 132 30 75 10
97 396 316 40 114 11
97 368 132 22 66 12
97 446 188 25 88 13
97 486 134 28 59 14
97 465 175 29 84 15
97 455 119 23 69 18
97 552 160 34 84 20
97 578 160 22 69 21
97 550 251 32 106 22
97 621 237 34 94 23
97 638 214 34 88 25
97 307 345 47 139 26
97 395 206 21 84 27
97 566 251 23 97 29
97 674 291 46 109 32
97 717 291 34 102 33
97 402 265 44 110 34
97 281 216 34 99 35
97 684 97 23 54 38
97 674 98 20 60 39
97 528 174 31 78 40
97 317 130 23 59 41
97 221 73 21 52 42
