58 207 195 29 76 1
58 561 148 28 82 2
58 530 149 36 76 3
58 677 75 28 59 4
58 425 139 21 70 5
58 477 123 30 62 6
58 475 109 23 56 7
58 307 150 27 74 8
58 276 160 21 69 9
58 359 119 25 70 10
58 213 248 37 97 11
58 243 122 26 60 12
58 235 160 25 78 13
58 316 133 21 61 14
58 178 229 36 105 15
58 536 138 26 78 18
58 333 157 24 77 20
58 366 158 21 65 21
58 342 209 30 95 22
58 386 193 24 81 23
58 415 216 35 92 25
58 111 267 42 106 26
58 211 176 25 77 27
58 365 207 28 88 29
58 607 203 30 100 30
58 491 231 34 103 32
58 519 234 31 92 33
58 362 227 32 109 34
58 149 181 31 86 35
58 656 168 28 80 37
58 569 115 20 61 38
58 531 118 31 65 39
58 337 172 26 79 40
58 559 124 24 61 41
58 41 78 19 46 42
