123 478 224 30 92 1
123 420 113 31 67 2
123 97 215 33 93 3
123 578 98 23 67 4
123 464 199 27 82 5
123 494 167 30 75 6
123 541 156 27 71 7
123 531 198 27 89 8
123 507 217 24 86 9
123 632 139 29 75 10
123 560 377 45 131 11
123 424 143 25 68 12
123 617 169 23 83 13
123 546 152 22 63 14
123 534 136 25 76 15
123 305 127 28 68 18
123 694 177 29 84 20
123 728 185 25 72 21
123 719 294 40 121 22
123 543 442 60 130 26
123 548 243 34 99 27
123 739 278 26 110 29
123 397 246 50 113 35
123 750 88 17 59 39
123 711 193 31 81 40
123 140 134 27 62 41
123 381 77 22 52 42
