389 698 191 31 81 1
389 463 142 23 71 2
389 734 204 32 106 4
389 439 203 28 82 5
389 481 164 33 74 6
389 417 149 25 71 7
389 222 174 27 82 8
389 208 185 26 76 9
389 284 199 31 91 10
389 338 191 29 83 12
389 599 211 34 99 13
389 732 242 31 104 15
389 339 254 31 98 16
389 398 251 33 92 17
389 211 157 34 77 18
389 280 210 31 75 19
389 582 153 26 82 20
389 623 168 26 75 21
389 487 210 35 97 22
389 532 250 29 100 23
389 568 247 32 102 24
389 630 249 35 102 25
389 545 188 29 93 26
389 568 201 29 85 27
389 576 224 29 103 28
389 517 209 28 86 29
389 551 174 28 85 30
389 643 164 25 76 31
389 655 245 35 101 32
389 686 243 31 98 33
389 627 131 27 81 34
389 638 214 30 91 35
389 704 233 23 100 36
