411 585 193 37 83 1
411 327 153 26 78 2
411 611 269 37 112 3
411 662 164 35 94 4
411 362 177 29 74 5
411 473 188 31 84 6
411 314 138 23 61 7
411 109 177 30 78 8
411 86 189 28 73 9
411 86 190 29 83 10
411 226 181 27 78 12
411 534 185 28 83 13
411 552 234 43 99 15
411 467 292 35 112 16
411 528 291 36 104 17
411 299 179 32 91 18
411 173 194 26 70 19
411 583 126 25 74 20
411 622 135 24 67 21
411 377 189 34 92 22
411 438 221 31 92 23
411 467 223 35 92 24
411 604 217 31 100 25
411 450 163 28 80 26
411 431 180 26 82 27
411 363 205 38 96 28
411 414 191 29 83 29
411 403 152 24 77 30
411 640 135 25 63 31
411 536 211 32 93 32
411 564 209 29 89 33
411 676 105 23 70 34
411 461 239 48 106 35
411 582 202 27 88 36
411 50 116 21 52 43
