361 669 160 25 77 1
361 591 166 28 90 2
361 600 308 47 125 3
361 540 246 31 97 5
361 610 163 24 75 6
361 551 182 26 83 7
361 398 177 30 88 8
361 389 189 28 77 9
361 446 235 31 104 10
361 139 268 42 104 11
361 437 225 34 94 12
361 261 207 31 87 16
361 313 207 28 83 17
361 69 144 23 77 18
361 395 245 27 88 19
361 636 214 31 105 20
361 674 221 34 86 21
361 651 249 36 109 22
361 639 301 35 113 23
361 677 290 37 107 24
361 743 278 24 109 25
361 706 227 32 102 26
361 731 241 25 98 27
361 671 246 29 104 29
361 701 222 25 85 31
361 595 184 30 96 34
