83 314 215 30 82 1
83 568 128 28 74 2
83 380 167 39 87 3
83 681 75 25 63 4
83 434 153 26 75 5
83 603 120 24 63 6
83 558 122 23 61 7
83 361 164 26 75 8
83 338 180 22 75 9
83 454 129 24 74 10
83 314 287 40 105 11
83 316 127 21 65 12
83 353 181 28 84 13
83 424 137 19 63 14
83 380 193 33 95 15
83 517 119 23 73 18
83 478 154 34 81 20
83 503 154 26 68 21
83 464 235 36 107 22
83 529 219 30 90 23
83 558 218 35 91 25
83 229 314 45 122 26
83 324 196 25 84 27
83 487 234 28 96 29
83 614 260 36 105 32
83 638 260 32 100 33
83 363 235 38 103 34
83 247 200 32 93 35
83 726 212 31 92 37
83 644 103 23 57 38
83 628 105 22 62 39
83 417 178 25 74 40
83 401 128 24 60 41
83 152 75 21 50 42
