404 623 195 35 82 1
404 371 146 24 75 2
404 657 289 40 122 3
404 676 176 39 97 4
404 392 182 27 77 5
404 456 180 28 81 6
404 349 141 24 65 7
404 149 172 30 78 8
404 121 189 28 73 9
404 140 194 35 86 10
404 263 184 28 80 12
404 557 193 28 87 13
404 614 237 36 101 15
404 421 278 34 104 16
404 486 278 35 100 17
404 279 170 35 88 18
404 206 198 26 71 19
404 584 134 25 77 20
404 618 143 24 70 21
404 414 200 33 95 22
404 465 230 30 95 23
404 497 229 34 95 24
404 607 230 31 105 25
404 480 171 30 82 26
404 477 186 28 83 27
404 424 211 39 96 28
404 445 197 28 84 29
404 447 158 25 80 30
404 640 143 25 66 31
404 579 219 34 99 32
404 604 217 29 92 33
404 662 114 26 68 34
404 531 232 37 104 35
404 624 212 27 91 36
404 20 120 20 50 43
