409 596 193 36 83 1
409 340 151 25 77 2
409 623 275 38 115 3
409 666 167 36 95 4
409 370 178 29 75 5
409 469 185 30 83 6
409 324 139 24 62 7
409 122 175 29 78 8
409 97 189 27 73 9
409 103 191 30 85 10
409 237 182 28 79 12
409 541 187 28 84 13
409 568 235 44 99 15
409 454 288 35 109 16
409 516 287 36 103 17
409 293 176 33 90 18
409 183 195 25 70 19
409 583 128 25 75 20
409 621 138 24 68 21
409 387 192 34 93 22
409 446 224 31 93 23
409 473 225 35 91 24
409 605 221 31 102 25
409 459 165 29 80 26
409 444 182 26 82 27
409 381 206 37 97 28
409 423 192 29 84 29
409 416 154 24 78 30
409 640 137 25 63 31
409 549 213 33 95 32
409 575 212 29 89 33
409 672 108 25 70 34
409 484 236 43 106 35
409 595 205 27 88 36
409 41 117 21 52 43
