373 693 174 27 78 1
373 543 149 24 83 2
373 722 334 43 130 3
373 493 227 30 90 5
373 570 150 27 71 6
373 492 166 27 76 7
373 321 175 30 85 8
373 306 184 27 78 9
373 392 213 30 97 10
373 43 266 39 101 11
373 397 210 31 90 12
373 661 238 33 98 13
373 290 223 30 94 16
373 340 224 29 89 17
373 128 149 27 74 18
373 366 223 27 85 19
373 604 187 30 88 20
373 639 196 31 81 21
373 569 230 36 103 22
373 593 277 32 103 23
373 634 275 40 110 24
373 691 279 39 111 25
373 629 211 29 95 26
373 664 223 29 90 27
373 604 230 29 95 29
373 679 205 30 91 30
373 662 193 26 81 31
373 730 279 33 106 32
373 595 160 30 87 34
