383 706 185 29 80 1
383 496 141 22 75 2
383 457 212 29 84 5
383 516 159 32 71 6
383 443 155 26 71 7
383 254 174 29 82 8
383 245 184 26 77 9
383 343 200 30 92 10
383 0 257 22 99 11
383 363 197 29 86 12
383 626 221 34 96 13
383 320 242 31 97 16
383 370 242 31 92 17
383 179 156 29 74 18
383 313 214 30 78 19
383 583 165 28 80 20
383 626 178 27 77 21
383 517 215 35 101 22
383 558 259 30 101 23
383 593 260 42 103 24
383 649 259 38 103 25
383 573 196 28 92 26
383 604 210 29 85 27
383 649 227 33 101 28
383 550 214 27 88 29
383 599 183 28 87 30
383 647 175 26 78 31
383 685 255 31 105 32
383 715 257 30 97 33
383 611 140 29 88 34
383 680 207 30 93 35
383 733 245 21 105 36
