379 702 181 28 79 1
379 516 144 23 78 2
379 471 218 29 86 5
379 539 154 29 71 6
379 462 159 27 73 7
379 280 175 30 83 8
379 270 184 26 78 9
379 373 204 28 93 10
379 9 262 33 100 11
379 377 202 29 88 12
379 640 228 33 96 13
379 307 233 31 97 16
379 354 235 30 91 17
379 159 153 26 73 18
379 336 217 29 81 19
379 589 175 30 80 20
379 631 185 29 79 21
379 539 220 35 103 22
379 572 266 31 102 23
379 610 267 42 106 24
379 666 267 40 105 25
379 594 203 27 91 26
379 628 215 29 87 27
379 706 228 28 94 28
379 571 220 28 91 29
379 631 192 29 89 30
379 651 182 26 79 31
379 707 264 31 106 32
379 736 268 26 104 33
379 603 148 30 87 34
379 708 206 32 91 35
