28 83 171 23 67 1
28 552 176 30 88 2
28 631 132 32 72 3
28 585 90 28 64 4
28 317 132 26 62 5
28 349 113 25 60 6
28 315 120 23 57 7
28 247 135 21 61 8
28 223 140 20 65 9
28 221 114 18 64 10
28 134 210 36 85 11
28 122 121 21 56 12
28 89 152 26 64 13
28 173 139 22 54 14
28 521 173 27 89 18
28 141 160 24 79 20
28 163 166 24 66 21
28 187 183 26 86 22
28 205 166 22 75 23
28 244 182 28 80 25
28 24 223 33 86 26
28 82 160 22 68 27
28 727 225 31 101 28
28 205 181 30 77 29
28 400 165 26 85 30
28 354 196 33 83 32
28 377 193 29 84 33
28 349 229 30 108 34
28 9 171 23 76 35
28 617 129 25 69 37
28 438 129 28 64 38
28 383 123 22 65 39
28 128 180 29 71 40
