24 71 169 21 65 1
24 550 179 31 89 2
24 617 133 35 70 3
24 566 91 30 64 4
24 296 132 27 63 5
24 325 121 28 59 6
24 292 122 25 58 7
24 235 134 21 61 8
24 215 138 20 62 9
24 200 114 18 64 10
24 121 207 35 84 11
24 106 123 22 55 12
24 65 150 23 64 13
24 155 139 24 55 14
24 516 177 28 91 18
24 119 162 24 79 20
24 141 167 26 66 21
24 168 181 24 85 22
24 183 164 21 70 23
24 224 179 28 80 25
24 13 218 33 87 26
24 66 160 22 67 27
24 703 213 27 101 28
24 185 181 30 76 29
24 376 161 25 83 30
24 336 193 33 82 32
24 356 188 29 81 33
24 347 226 33 107 34
24 3 172 17 72 35
24 612 126 26 67 37
24 422 130 28 62 38
24 365 123 23 64 39
24 104 181 30 69 40
