391 690 192 31 81 1
391 451 142 23 69 2
391 726 200 36 104 4
391 433 200 28 82 5
391 471 165 32 75 6
391 409 148 25 71 7
391 212 174 26 82 8
391 196 186 27 75 9
391 262 198 31 90 10
391 328 190 29 83 12
391 592 208 32 99 13
391 720 242 33 104 15
391 346 258 31 99 16
391 408 254 33 93 17
391 222 157 34 78 18
391 269 209 30 74 19
391 583 150 26 82 20
391 622 164 25 74 21
391 476 208 35 97 22
391 522 247 29 100 23
391 559 243 31 101 24
391 626 246 34 103 25
391 537 186 29 94 26
391 555 199 29 85 27
391 552 223 30 101 28
391 507 208 28 86 29
391 536 171 28 85 30
391 642 160 25 75 31
391 646 242 35 100 32
391 675 240 31 97 33
391 632 128 27 78 34
391 621 218 30 92 35
391 695 229 25 99 36
