37 109 178 27 70 1
37 557 167 29 86 2
37 646 131 28 76 3
37 624 85 24 62 4
37 365 133 22 62 5
37 403 109 20 59 6
37 358 113 23 59 7
37 265 139 21 62 8
37 240 147 20 67 9
37 264 117 24 61 10
37 161 219 32 89 11
37 162 118 20 58 12
37 147 150 24 68 13
37 218 138 20 55 14
37 33 264 37 112 15
37 528 164 27 83 18
37 200 159 26 80 20
37 220 163 21 66 21
37 228 188 30 87 22
37 256 172 28 76 23
37 295 192 28 85 25
37 52 230 35 87 26
37 118 162 23 74 27
37 255 186 26 79 29
37 458 175 34 87 30
37 396 207 33 86 32
37 422 202 27 90 33
37 354 229 33 107 34
37 46 175 28 79 35
37 629 138 25 71 37
37 477 127 29 65 38
37 427 124 22 66 39
37 195 174 24 72 40
37 710 126 24 62 41
