53 185 192 29 74 1
53 560 153 27 83 2
53 563 143 32 75 3
53 666 76 27 59 4
53 416 137 20 68 5
53 453 122 29 64 6
53 448 108 23 57 7
53 295 149 26 71 8
53 268 156 20 68 9
53 340 115 26 68 10
53 198 241 35 95 11
53 226 121 27 59 12
53 216 155 24 76 13
53 296 131 19 61 14
53 155 239 34 105 15
53 533 144 26 79 18
53 309 155 25 77 20
53 333 159 21 66 21
53 315 204 30 93 22
53 359 188 27 78 23
53 391 210 33 91 25
53 90 257 41 101 26
53 189 173 25 76 27
53 341 204 26 85 29
53 572 197 33 96 30
53 469 227 33 100 32
53 496 227 30 94 33
53 366 229 33 108 34
53 120 178 31 86 35
53 652 159 28 78 37
53 548 118 23 61 38
53 499 121 38 66 39
53 307 172 26 78 40
53 591 123 23 61 41
53 18 78 19 46 42
