4 25 154 20 63 1
4 508 195 35 95 2
4 506 133 31 75 3
4 463 98 27 63 4
4 216 137 25 62 5
4 202 134 25 64 6
4 172 133 25 61 7
4 170 126 22 60 8
4 142 136 25 59 9
4 107 120 25 60 10
4 61 193 29 75 11
4 32 124 21 57 12
4 55 145 18 64 13
4 74 136 18 62 14
4 478 185 30 96 18
4 20 160 27 77 20
4 45 164 22 68 21
4 63 173 25 75 22
4 96 158 25 65 23
4 127 166 27 72 25
4 0 156 13 64 27
4 582 181 33 88 28
4 84 171 26 76 29
4 257 148 23 73 30
4 236 176 29 75 32
4 260 173 32 74 33
4 342 213 34 104 34
4 513 122 27 67 37
4 337 130 27 58 38
4 280 124 32 62 39
4 8 173 18 69 40
