91 350 222 30 84 1
91 556 121 28 71 2
91 331 173 36 88 3
91 664 79 26 64 4
91 441 160 27 76 5
91 609 128 22 65 6
91 574 128 23 63 7
91 380 171 26 77 8
91 362 191 23 77 9
91 494 131 25 76 10
91 364 305 40 112 11
91 347 133 21 62 12
91 408 185 22 86 13
91 459 132 19 61 14
91 436 181 30 91 15
91 482 118 23 71 18
91 519 157 32 83 20
91 545 155 22 69 21
91 509 245 36 107 22
91 581 228 32 93 23
91 604 217 38 87 25
91 274 333 47 134 26
91 365 202 23 85 27
91 532 244 26 98 29
91 647 276 43 108 32
91 683 277 34 101 33
91 375 243 38 109 34
91 269 207 33 95 35
91 666 100 23 55 38
91 653 101 22 61 39
91 483 175 33 77 40
91 353 129 24 60 41
91 190 73 21 52 42
