31 91 174 24 68 1
31 554 173 30 87 2
31 639 131 30 74 3
31 599 89 26 63 4
31 334 132 24 62 5
31 367 109 22 60 6
31 329 117 23 58 7
31 254 136 21 61 8
31 228 142 20 66 9
31 235 115 20 63 10
31 144 212 35 87 11
31 134 119 20 57 12
31 108 152 26 65 13
31 187 139 21 55 14
31 524 170 27 87 18
31 158 159 24 79 20
31 180 165 22 66 21
31 199 184 28 86 22
31 222 168 23 76 23
31 259 185 28 81 25
31 33 226 33 85 26
31 94 160 22 69 27
31 740 233 25 95 28
31 222 182 29 77 29
31 419 168 29 86 30
31 367 199 33 84 32
31 394 197 28 86 33
31 350 230 30 108 34
31 19 172 25 77 35
31 621 132 25 70 37
31 450 129 29 65 38
31 398 124 22 65 39
31 148 178 27 71 40
