392 685 193 31 81 1
392 446 142 23 69 2
392 733 326 31 132 3
392 721 198 38 103 4
392 430 199 28 81 5
392 467 166 32 76 6
392 404 147 25 70 7
392 207 173 26 81 8
392 189 186 28 75 9
392 251 198 31 90 10
392 323 190 29 83 12
392 590 207 30 98 13
392 713 241 33 104 15
392 350 260 32 99 16
392 414 256 33 93 17
392 228 158 35 79 18
392 264 208 29 74 19
392 584 148 25 82 20
392 622 163 25 74 21
392 471 207 34 97 22
392 517 246 29 100 23
392 554 242 32 100 24
392 625 245 34 103 25
392 533 185 29 94 26
392 549 197 29 85 27
392 539 222 31 100 28
392 502 207 28 86 29
392 528 170 28 84 30
392 641 157 25 74 31
392 641 240 35 100 32
392 670 238 31 97 33
392 634 127 26 76 34
392 613 219 30 92 35
392 690 228 25 98 36
