81 306 213 30 82 1
81 569 130 28 75 2
81 391 166 38 87 3
81 683 75 26 62 4
81 434 152 26 74 5
81 597 119 24 62 6
81 554 120 23 61 7
81 358 162 26 75 8
81 333 178 22 74 9
81 446 129 23 74 10
81 303 283 42 106 11
81 310 126 22 64 12
81 340 180 28 84 13
81 415 138 19 63 14
81 361 197 36 95 15
81 523 120 23 73 18
81 466 154 34 81 20
81 493 155 25 68 21
81 455 234 34 107 22
81 516 218 30 88 23
81 547 218 34 92 25
81 218 310 45 120 26
81 314 194 26 83 27
81 477 231 28 96 29
81 733 233 30 95 30
81 604 256 36 105 32
81 626 256 32 99 33
81 362 234 36 104 34
81 240 199 33 92 35
81 719 209 30 91 37
81 638 104 24 57 38
81 622 106 22 62 39
81 402 179 25 73 40
81 413 128 24 60 41
81 142 75 20 49 42
