119 465 226 30 92 1
119 446 113 28 67 2
119 119 211 32 91 3
119 589 95 23 67 4
119 465 193 27 81 5
119 514 163 29 74 6
119 568 154 30 72 7
119 508 198 25 85 8
119 483 216 24 83 9
119 623 135 26 73 10
119 528 368 46 130 11
119 423 142 24 68 12
119 595 174 25 85 13
119 555 149 21 61 14
119 524 141 25 77 15
119 328 125 31 67 18
119 683 173 27 81 20
119 708 181 24 72 21
119 697 288 40 119 22
119 743 237 24 96 25
119 506 424 59 144 26
119 528 237 32 96 27
119 720 280 32 109 29
119 713 392 46 125 34
119 367 243 38 112 35
119 743 89 22 58 38
119 743 89 19 60 39
119 689 188 34 83 40
119 166 133 26 62 41
119 357 77 20 50 42
