387 704 189 30 80 1
387 474 141 22 72 2
387 740 212 27 108 4
387 445 206 28 83 5
387 493 162 33 73 6
387 425 151 26 71 7
387 232 174 27 82 8
387 221 185 26 76 9
387 305 200 32 91 10
387 347 192 29 84 12
387 607 214 35 98 13
387 333 250 31 98 16
387 388 248 32 92 17
387 200 157 33 76 18
387 291 212 31 75 19
387 581 157 27 81 20
387 623 171 26 75 21
387 497 212 35 99 22
387 542 253 29 101 23
387 577 251 35 102 24
387 634 251 36 101 25
387 553 191 28 93 26
387 580 204 29 85 27
387 600 225 30 103 28
387 528 211 27 87 29
387 567 177 28 86 30
387 644 168 26 77 31
387 665 248 33 103 32
387 696 247 30 98 33
387 621 134 28 84 34
387 654 211 30 91 35
387 713 236 22 101 36
