6 29 155 20 63 1
6 514 195 38 94 2
6 519 132 34 75 3
6 475 98 26 63 4
6 226 136 24 62 5
6 218 133 23 64 6
6 185 132 25 61 7
6 176 127 22 60 8
6 152 136 25 59 9
6 117 119 25 60 10
6 67 195 29 77 11
6 39 124 21 57 12
6 54 146 18 64 13
6 82 136 18 62 14
6 482 185 31 95 18
6 28 161 28 76 20
6 54 166 22 67 21
6 73 173 25 76 22
6 106 158 24 65 23
6 139 168 27 73 25
6 2 156 16 65 27
6 599 184 30 91 28
6 95 172 26 77 29
6 270 148 23 74 30
6 247 178 30 76 32
6 271 175 31 73 33
6 343 215 34 104 34
6 525 122 29 66 37
6 346 131 27 58 38
6 289 124 31 62 39
6 14 174 19 69 40
