111 438 230 30 90 1
111 492 113 29 67 2
111 171 199 36 88 3
111 607 92 27 64 4
111 461 181 27 79 5
111 547 151 26 73 6
111 597 148 24 73 7
111 452 195 25 82 8
111 434 211 23 81 9
111 586 129 29 73 10
111 469 347 43 128 11
111 409 138 23 67 12
111 544 183 26 89 13
111 554 140 20 59 14
111 504 153 26 77 15
111 379 119 33 71 18
111 640 167 29 84 20
111 663 173 20 72 21
111 646 273 37 118 22
111 729 259 32 97 23
111 705 215 38 92 25
111 426 388 58 147 26
111 478 224 32 94 27
111 662 272 24 102 29
111 566 350 55 134 34
111 308 236 38 108 35
111 727 91 22 55 38
111 721 91 18 59 39
111 635 182 26 79 40
111 219 131 23 60 41
111 302 73 24 55 42
