71 264 204 30 79 1
71 569 137 28 78 2
71 450 157 32 85 3
71 694 74 29 58 4
71 438 145 24 74 5
71 551 119 25 60 6
71 536 114 23 59 7
71 346 156 27 74 8
71 308 170 22 72 9
71 408 128 23 68 10
71 262 267 41 102 11
71 283 125 23 63 12
71 290 172 29 80 13
71 369 141 23 58 14
71 289 208 29 98 15
71 543 125 24 74 18
71 416 152 28 80 20
71 443 157 22 66 21
71 410 223 31 100 22
71 456 210 30 83 23
71 493 223 36 93 25
71 172 290 42 115 26
71 270 186 27 81 27
71 429 220 29 93 29
71 687 225 36 106 30
71 555 242 36 103 32
71 582 244 31 93 33
71 361 228 28 108 34
71 209 191 30 90 35
71 684 191 25 84 37
71 610 108 23 59 38
71 591 110 21 63 39
71 364 180 25 78 40
71 475 126 25 60 41
71 99 76 18 47 42
