388 701 190 30 80 1
388 468 141 23 71 2
388 737 207 29 107 4
388 442 205 28 83 5
388 487 163 33 73 6
388 421 150 26 71 7
388 227 174 27 82 8
388 214 185 26 76 9
388 294 199 31 91 10
388 342 192 29 83 12
388 603 213 35 98 13
388 733 240 30 103 15
388 336 252 31 98 16
388 393 249 32 92 17
388 205 157 34 76 18
388 285 211 31 75 19
388 581 155 27 81 20
388 623 169 26 75 21
388 492 211 35 98 22
388 537 251 29 101 23
388 573 249 33 102 24
388 632 250 35 102 25
388 549 189 29 93 26
388 574 203 29 85 27
388 588 225 29 103 28
388 523 210 28 87 29
388 559 176 28 86 30
388 644 166 25 76 31
388 660 247 34 102 32
388 691 245 31 98 33
388 624 132 27 82 34
388 646 213 30 91 35
388 709 234 22 100 36
