126 487 223 29 91 1
126 401 114 32 67 2
126 83 218 33 94 3
126 569 100 23 68 4
126 464 203 27 82 5
126 476 168 30 75 6
126 524 156 26 72 7
126 546 199 29 92 8
126 525 217 26 89 9
126 635 140 30 76 10
126 584 382 43 132 11
126 425 144 26 69 12
126 630 167 23 83 13
126 538 155 23 64 14
126 542 133 24 74 15
126 289 129 32 68 18
126 702 180 31 86 20
126 741 191 21 73 21
126 731 299 35 117 22
126 573 456 60 118 26
126 563 247 34 101 27
126 427 249 40 114 35
126 753 87 14 57 39
126 725 198 28 79 40
126 122 135 27 61 41
126 399 77 19 52 42
