124 481 224 29 91 1
124 414 114 31 67 2
124 92 216 33 93 3
124 575 99 23 67 4
124 464 200 27 82 5
124 488 167 30 75 6
124 535 156 27 72 7
124 536 198 28 90 8
124 513 217 25 87 9
124 633 139 30 75 10
124 568 379 44 131 11
124 425 143 25 68 12
124 621 169 23 83 13
124 543 153 23 63 14
124 537 135 25 75 15
124 300 128 28 68 18
124 697 178 30 84 20
124 732 186 24 72 21
124 724 296 38 120 22
124 553 447 60 126 26
124 553 244 34 100 27
124 740 274 26 109 29
124 407 247 47 113 35
124 751 87 16 58 39
124 716 195 30 80 40
124 134 134 27 62 41
124 387 77 21 52 42
