41 127 181 29 72 1
41 560 164 28 85 2
41 634 133 32 77 3
41 637 81 25 62 4
41 385 134 21 62 5
41 423 111 20 59 6
41 380 110 23 60 7
41 270 145 22 65 8
41 247 150 20 68 9
41 286 116 27 63 10
41 169 225 33 91 11
41 181 118 21 60 12
41 173 150 25 71 13
41 239 137 20 55 14
41 73 257 35 110 15
41 529 158 27 82 18
41 229 159 27 80 20
41 248 162 21 66 21
41 250 192 30 89 22
41 281 175 30 77 23
41 321 196 29 88 25
41 63 236 35 89 26
41 136 165 25 76 27
41 277 190 26 81 29
41 485 180 37 88 30
41 416 213 33 88 32
41 441 207 28 92 33
41 356 229 35 106 34
41 65 176 31 83 35
41 635 143 25 73 37
41 496 125 28 63 38
41 446 124 23 67 39
41 226 173 26 73 40
41 676 124 24 62 41
