66 242 201 29 78 1
66 565 141 28 80 2
66 481 154 36 81 3
66 694 73 29 57 4
66 438 142 23 74 5
66 521 123 28 58 6
66 517 113 22 61 7
66 332 154 27 74 8
66 293 166 22 72 9
66 390 126 24 67 10
66 244 259 42 101 11
66 270 125 23 62 12
66 268 167 28 79 13
66 347 139 24 59 14
66 241 216 33 100 15
66 541 130 25 75 18
66 385 154 24 79 20
66 415 157 22 63 21
66 385 217 30 98 22
66 429 204 28 83 23
66 462 222 36 93 25
66 146 279 40 112 26
66 249 182 27 80 27
66 404 214 29 92 29
66 659 216 32 105 30
66 531 238 35 103 32
66 561 240 31 89 33
66 361 227 30 108 34
66 185 186 30 88 35
66 669 183 27 83 37
66 596 111 20 60 38
66 573 113 22 64 39
66 358 178 26 79 40
66 508 126 25 60 41
66 78 76 19 46 42
