118 462 227 30 92 1
118 452 113 28 67 2
118 125 210 32 90 3
118 591 95 23 66 4
118 465 191 27 80 5
118 518 161 29 74 6
118 575 153 32 72 7
118 502 198 25 85 8
118 476 215 24 82 9
118 619 134 25 73 10
118 520 365 46 130 11
118 422 142 24 67 12
118 589 175 25 86 13
118 558 148 21 61 14
118 522 143 25 77 15
118 334 124 32 67 18
118 679 172 27 82 20
118 703 180 23 72 21
118 691 286 40 119 22
118 739 230 26 94 25
118 498 419 59 146 26
118 523 235 31 96 27
118 713 279 34 108 29
118 701 412 51 132 34
118 359 242 36 112 35
118 741 89 22 57 38
118 740 89 19 59 39
118 682 187 33 83 40
118 172 132 25 62 41
118 351 77 20 51 42
