49 166 189 30 74 1
49 562 157 27 83 2
49 589 139 30 75 3
49 657 77 26 60 4
49 408 136 19 66 5
49 443 118 26 63 6
49 425 108 23 58 7
49 287 148 24 69 8
49 261 154 20 68 9
49 326 114 23 66 10
49 188 236 35 93 11
49 211 120 26 59 12
49 208 154 24 74 13
49 277 133 19 59 14
49 135 246 36 107 15
49 531 148 26 81 18
49 284 155 25 78 20
49 305 160 21 66 21
49 293 200 30 92 22
49 335 183 29 78 23
49 370 205 32 90 25
49 78 249 39 97 26
49 172 171 26 75 27
49 320 199 25 83 29
49 544 191 34 92 30
49 453 224 33 94 32
49 479 221 30 95 33
49 364 229 34 107 34
49 101 177 31 86 35
49 648 153 27 76 37
49 531 121 25 61 38
49 480 122 29 67 39
49 281 173 27 76 40
49 618 123 23 61 41
49 5 76 17 47 42
