413 574 192 37 83 1
413 315 155 27 78 2
413 601 263 36 110 3
413 658 160 35 93 4
413 354 175 29 73 5
413 474 190 31 85 6
413 304 137 23 61 7
413 95 178 32 78 8
413 75 189 29 73 9
413 68 189 28 81 10
413 215 180 27 78 12
413 524 182 28 83 13
413 536 232 41 98 15
413 481 297 35 115 16
413 540 295 37 105 17
413 305 182 32 91 18
413 164 192 26 71 19
413 585 124 25 73 20
413 624 133 23 67 21
413 368 187 33 91 22
413 430 219 31 91 23
413 460 221 35 93 24
413 603 214 31 99 25
413 442 161 28 79 26
413 418 178 25 81 27
413 345 204 39 95 28
413 405 189 29 83 29
413 390 151 25 76 30
413 641 132 24 63 31
413 524 209 32 92 32
413 552 207 29 88 33
413 680 103 22 70 34
413 439 242 49 105 35
413 569 199 26 87 36
413 59 116 21 52 43
