386 706 189 30 80 1
386 480 141 22 73 2
386 742 219 25 108 4
386 448 208 28 83 5
386 499 162 33 72 6
386 430 152 26 71 7
386 237 174 28 82 8
386 227 184 26 77 9
386 315 200 32 91 10
386 351 193 29 84 12
386 612 216 34 97 13
386 330 248 31 98 16
386 384 246 32 92 17
386 194 157 32 75 18
386 296 212 31 76 19
386 582 159 27 81 20
386 624 173 26 76 21
386 502 212 35 99 22
386 546 254 29 101 23
386 581 254 37 102 24
386 637 253 36 102 25
386 558 192 28 93 26
386 586 205 29 85 27
386 612 226 31 103 28
386 534 212 27 87 29
386 575 179 28 86 30
386 645 169 26 77 31
386 670 250 32 103 32
386 700 250 30 97 33
386 618 135 28 85 34
386 661 210 29 92 35
386 718 238 21 102 36
