103 405 229 34 89 1
103 529 115 32 68 2
103 235 185 39 91 3
103 627 88 29 62 4
103 453 170 27 77 5
103 575 141 24 70 6
103 590 139 23 69 7
103 415 189 26 77 8
103 402 204 23 80 9
103 545 130 29 75 10
103 426 328 41 119 11
103 387 133 23 68 12
103 486 190 27 89 13
103 519 134 26 58 14
103 486 166 28 79 15
103 423 117 25 72 18
103 589 163 33 85 20
103 611 166 22 69 21
103 585 261 36 109 22
103 669 244 35 97 23
103 667 212 37 90 25
103 349 362 51 144 26
103 432 214 23 90 27
103 607 258 22 97 29
103 711 308 39 110 32
103 452 286 49 117 34
103 291 225 34 103 35
103 703 94 22 54 38
103 695 95 19 59 39
103 575 178 27 79 40
103 275 130 23 59 41
103 254 74 24 52 42
