39 118 180 28 71 1
39 558 166 29 85 2
39 640 132 30 76 3
39 630 83 25 62 4
39 375 134 22 62 5
39 414 110 20 59 6
39 369 111 23 60 7
39 267 142 22 64 8
39 243 149 20 68 9
39 275 116 25 62 10
39 165 222 32 90 11
39 172 118 20 59 12
39 160 149 25 70 13
39 229 138 20 55 14
39 53 260 36 111 15
39 529 161 27 82 18
39 214 159 27 80 20
39 234 163 21 66 21
39 239 190 30 88 22
39 268 174 30 76 23
39 308 194 29 87 25
39 58 233 35 88 26
39 127 163 24 76 27
39 266 188 26 80 29
39 471 178 36 87 30
39 406 210 33 87 32
39 432 205 27 91 33
39 355 229 34 107 34
39 56 176 30 81 35
39 632 140 25 72 37
39 486 126 29 64 38
39 437 124 23 66 39
39 211 173 24 72 40
39 693 125 24 62 41
