428 504 186 34 82 1
428 244 174 32 83 2
428 533 222 33 101 3
428 645 137 31 82 4
428 295 164 27 69 5
428 467 223 31 94 6
428 225 135 26 60 7
428 12 180 29 77 8
428 3 188 22 70 9
428 137 176 26 75 12
428 455 166 26 84 13
428 420 214 28 94 15
428 590 339 47 127 16
428 660 332 40 114 17
428 363 212 40 96 18
428 100 184 24 68 19
428 595 109 22 69 20
428 616 126 22 61 21
428 303 178 31 82 22
428 369 200 30 83 23
428 375 206 33 91 24
428 602 189 34 90 25
428 375 150 28 75 26
428 326 168 25 75 27
428 229 190 36 88 28
428 329 178 30 80 29
428 286 143 26 72 30
428 636 124 23 62 31
428 436 192 31 86 32
428 464 190 29 83 33
428 693 113 26 68 34
428 297 227 34 102 35
428 473 182 23 83 36
428 126 111 20 54 43
