422 528 189 35 82 1
422 259 164 32 79 2
422 553 238 34 104 3
422 646 145 33 86 4
422 319 169 29 70 5
422 455 208 29 89 6
422 259 133 22 60 7
422 43 176 32 77 8
422 26 188 28 71 9
422 3 184 25 81 10
422 166 178 27 76 12
422 478 171 27 84 13
422 466 223 31 94 15
422 545 321 40 124 16
422 605 317 41 112 17
422 340 201 38 94 18
422 123 187 26 71 19
422 594 113 25 70 20
422 627 126 23 62 21
422 333 182 32 85 22
422 393 208 29 86 23
422 413 211 32 93 24
422 601 198 32 93 25
422 402 155 28 77 26
422 364 171 24 78 27
422 272 196 38 91 28
422 364 182 32 81 29
422 326 145 27 73 30
422 643 125 21 63 31
422 471 198 31 88 32
422 500 197 30 84 33
422 697 108 24 63 34
422 353 234 36 102 35
422 511 188 24 84 36
422 99 113 20 53 43
