415 562 191 37 83 1
415 302 157 28 78 2
415 590 257 36 108 3
415 654 156 34 91 4
415 346 174 29 72 5
415 470 194 31 86 6
415 295 136 23 60 7
415 81 179 33 78 8
415 64 188 30 73 9
415 50 189 26 79 10
415 204 180 27 78 12
415 512 178 28 83 13
415 521 230 37 97 15
415 495 302 35 118 16
415 553 300 38 107 17
415 313 186 33 92 18
415 155 191 27 72 19
415 587 121 25 72 20
415 625 132 23 66 21
415 360 186 33 90 22
415 422 216 30 90 23
415 452 219 34 94 24
415 602 210 31 98 25
415 433 160 28 79 26
415 405 176 24 81 27
415 328 203 37 95 28
415 396 187 30 83 29
415 375 149 26 75 30
415 642 130 22 63 31
415 512 206 32 91 32
415 540 205 29 87 33
415 683 103 23 68 34
415 421 242 42 103 35
415 556 196 26 87 36
415 68 115 21 52 43
