418 545 190 37 83 1
418 283 160 30 79 2
418 573 249 35 106 3
418 650 151 34 89 4
418 335 172 29 71 5
418 461 199 30 87 6
418 280 134 22 60 7
418 64 178 33 78 8
418 47 188 30 73 9
418 25 187 25 78 10
418 188 179 27 77 12
418 496 174 27 83 13
418 499 227 32 96 15
418 516 309 36 122 16
418 573 307 40 109 17
418 324 193 35 93 18
418 141 189 27 72 19
418 590 118 25 71 20
418 628 129 23 65 21
418 348 184 33 88 22
418 410 213 29 88 23
418 436 215 33 94 24
418 601 205 31 96 25
418 420 158 28 78 26
418 386 174 24 80 27
418 303 200 36 93 28
418 383 185 31 82 29
418 352 147 28 74 30
418 644 127 21 64 31
418 495 203 32 90 32
418 523 202 29 86 33
418 690 105 23 64 34
418 393 239 34 102 35
418 536 192 25 86 36
418 81 114 20 53 43
