382 705 184 29 80 1
382 501 142 22 75 2
382 460 214 29 85 5
382 522 158 31 71 6
382 448 156 27 72 7
382 261 174 29 83 8
382 251 184 26 77 9
382 351 201 29 92 10
382 1 259 25 99 11
382 367 198 29 86 12
382 630 222 33 96 13
382 317 240 31 97 16
382 366 240 31 92 17
382 174 155 27 73 18
382 319 215 30 79 19
382 584 167 29 79 20
382 627 179 27 77 21
382 522 216 35 102 22
382 561 261 30 101 23
382 597 262 43 103 24
382 653 261 38 103 25
382 578 198 28 92 26
382 610 211 29 86 27
382 663 227 32 99 28
382 555 216 27 88 29
382 607 185 28 88 30
382 648 176 26 78 31
382 691 258 31 105 32
382 721 258 30 98 33
382 609 142 29 88 34
382 687 207 31 92 35
382 738 246 21 106 36
