363 673 163 26 77 1
363 584 162 27 89 2
363 619 313 47 126 3
363 531 243 31 96 5
363 606 160 25 74 6
363 542 178 26 82 7
363 386 177 29 88 8
363 377 189 28 76 9
363 430 232 31 102 10
363 122 268 41 105 11
363 431 223 33 93 12
363 723 256 31 100 13
363 265 209 30 89 16
363 318 209 27 84 17
363 79 144 23 77 18
363 386 242 27 88 19
363 630 209 31 102 20
363 668 217 33 86 21
363 635 246 36 107 22
363 631 297 35 111 23
363 669 287 37 106 24
363 735 292 30 115 25
363 691 224 33 102 26
363 723 237 27 97 27
363 659 242 29 104 29
363 695 217 25 85 31
363 592 180 30 94 34
