427 508 187 34 82 1
427 245 172 32 82 2
427 536 225 33 101 3
427 644 138 32 83 4
427 299 165 27 69 5
427 464 220 31 93 6
427 230 134 25 60 7
427 16 179 29 77 8
427 5 188 23 70 9
427 142 177 26 75 12
427 458 167 27 84 13
427 427 216 29 93 15
427 582 336 46 126 16
427 651 330 40 114 17
427 359 211 40 96 18
427 103 185 25 68 19
427 596 109 22 69 20
427 618 126 22 61 21
427 308 179 31 83 22
427 373 201 30 84 23
427 382 207 32 92 24
427 601 191 34 90 25
427 380 151 28 75 26
427 333 168 25 76 27
427 236 191 36 88 28
427 335 178 31 80 29
427 293 143 26 72 30
427 638 124 23 62 31
427 442 193 31 87 32
427 470 191 29 83 33
427 695 112 26 67 34
427 306 228 35 102 35
427 480 183 23 83 36
427 121 111 20 54 43
