78 293 210 30 81 1
78 570 132 28 76 2
78 408 163 35 86 3
78 686 75 27 61 4
78 435 150 26 74 5
78 585 117 24 61 6
78 549 118 23 60 7
78 356 160 27 74 8
78 325 175 22 74 9
78 434 129 23 72 10
78 289 277 43 107 11
78 302 125 22 64 12
78 324 177 26 84 13
78 401 139 19 61 14
78 339 202 35 96 15
78 531 121 24 73 18
78 451 153 32 81 20
78 478 155 22 69 21
78 441 232 33 105 22
78 497 216 31 86 23
78 531 219 33 93 25
78 204 305 44 117 26
78 299 191 26 83 27
78 463 228 28 95 29
78 725 240 35 102 30
78 590 251 37 104 32
78 610 250 31 99 33
78 362 231 33 105 34
78 229 198 31 91 35
78 708 203 27 90 37
78 630 105 24 57 38
78 613 107 21 62 39
78 383 179 25 75 40
78 431 127 25 60 41
78 129 76 18 48 42
