430 496 186 33 82 1
430 242 178 31 84 2
430 529 217 33 99 3
430 647 135 31 81 4
430 287 163 26 69 5
430 473 227 32 96 6
430 213 135 27 61 7
430 5 180 25 77 8
430 0 188 21 70 9
430 128 176 26 74 12
430 451 164 26 84 13
430 408 212 27 94 15
430 605 345 50 128 16
430 677 337 40 115 17
430 371 214 40 97 18
430 93 183 24 67 19
430 590 109 23 69 20
430 613 126 22 60 21
430 292 177 30 83 22
430 361 198 31 82 23
430 359 206 34 91 24
430 602 186 35 88 25
430 367 149 27 74 26
430 314 166 26 75 27
430 217 188 35 87 28
430 318 176 30 79 29
430 273 143 26 72 30
430 631 124 24 62 31
430 426 190 31 85 32
430 452 187 29 83 33
430 687 114 27 69 34
430 281 225 35 101 35
430 461 180 23 84 36
430 135 110 20 54 43
