117 459 227 30 91 1
117 459 113 27 67 2
117 131 208 32 90 3
117 594 94 24 66 4
117 465 190 27 80 5
117 523 160 28 74 6
117 581 153 33 73 7
117 494 197 25 84 8
117 469 215 24 82 9
117 615 133 25 73 10
117 512 363 46 130 11
117 421 141 23 67 12
117 583 177 26 86 13
117 559 147 20 60 14
117 519 144 25 77 15
117 341 124 32 67 18
117 675 171 28 82 20
117 698 179 22 72 21
117 684 284 40 119 22
117 735 226 29 93 25
117 489 414 60 147 26
117 518 233 30 96 27
117 706 278 36 107 29
117 685 416 55 137 34
117 351 241 36 112 35
117 739 90 22 57 38
117 738 89 19 59 39
117 676 186 32 82 40
117 179 132 25 62 41
117 344 76 20 51 42
