26 77 170 22 66 1
26 551 177 31 88 2
26 625 133 33 71 3
26 575 91 29 64 4
26 305 132 27 63 5
26 337 117 26 60 6
26 304 121 24 58 7
26 242 134 21 61 8
26 219 139 20 64 9
26 211 114 18 64 10
26 127 209 36 85 11
26 114 122 22 56 12
26 76 151 24 64 13
26 164 139 23 55 14
26 519 175 27 90 18
26 129 161 24 79 20
26 152 166 25 66 21
26 178 182 25 85 22
26 194 165 21 73 23
26 234 180 28 80 25
26 19 220 33 86 26
26 74 160 22 68 27
26 715 219 29 102 28
26 195 181 30 76 29
26 388 163 25 84 30
26 345 194 33 83 32
26 366 190 29 82 33
26 348 228 32 107 34
26 5 171 21 74 35
26 615 127 25 68 37
26 430 130 28 63 38
26 374 123 22 65 39
26 116 180 29 70 40
