110 434 230 30 90 1
110 497 113 30 67 2
110 178 197 37 87 3
110 610 91 27 64 4
110 460 180 27 79 5
110 550 150 25 73 6
110 597 147 23 73 7
110 445 195 25 81 8
110 430 210 23 81 9
110 580 128 30 73 10
110 462 344 43 128 11
110 406 137 23 68 12
110 537 183 26 89 13
110 551 139 20 59 14
110 502 155 26 78 15
110 385 118 32 73 18
110 634 167 30 84 20
110 656 171 20 72 21
110 639 272 37 117 22
110 723 256 34 97 23
110 700 213 39 92 25
110 417 384 56 146 26
110 472 223 31 94 27
110 655 271 23 102 29
110 548 341 56 133 34
110 304 235 36 107 35
110 725 91 22 54 38
110 718 91 18 58 39
110 628 182 26 79 40
110 226 131 23 60 41
110 296 73 25 55 42
