433 485 185 32 82 1
433 240 182 30 85 2
433 522 210 32 98 3
433 650 133 30 79 4
433 275 160 25 69 5
433 484 231 32 95 6
433 198 136 29 61 7
433 1 180 18 77 8
433 115 176 26 74 12
433 449 161 26 84 13
433 394 209 26 94 15
433 627 353 53 130 16
433 700 344 40 117 17
433 382 217 38 99 18
433 85 182 25 65 19
433 581 110 25 71 20
433 608 126 22 60 21
433 279 175 29 84 22
433 350 194 32 81 23
433 338 205 35 90 24
433 602 181 36 86 25
433 354 147 27 74 26
433 300 164 26 76 27
433 203 185 34 85 28
433 304 174 30 78 29
433 255 142 26 72 30
433 624 123 25 61 31
433 411 188 31 84 32
433 436 184 29 82 33
433 680 115 30 72 34
433 259 222 44 100 35
433 447 176 24 85 36
433 147 109 20 54 43
