125 484 223 29 91 1
125 408 114 32 67 2
125 87 217 33 94 3
125 572 100 23 68 4
125 464 201 27 82 5
125 482 168 30 75 6
125 530 156 26 72 7
125 541 199 28 91 8
125 519 217 25 88 9
125 634 140 30 76 10
125 576 381 44 131 11
125 425 144 25 69 12
125 625 168 23 83 13
125 541 154 23 64 14
125 539 134 25 75 15
125 294 128 30 68 18
125 699 179 31 85 20
125 737 188 23 72 21
125 728 297 37 119 22
125 563 451 60 122 26
125 558 246 34 100 27
125 417 248 43 113 35
125 752 87 15 58 39
125 721 197 29 79 40
125 128 134 27 61 41
125 393 77 20 52 42
