381 704 183 29 80 1
381 506 142 22 76 2
381 464 215 29 85 5
381 528 157 31 71 6
381 453 157 27 72 7
381 267 174 29 83 8
381 257 184 26 77 9
381 359 201 28 92 10
381 3 260 28 99 11
381 370 199 29 87 12
381 633 224 33 96 13
381 313 237 31 97 16
381 361 239 31 91 17
381 169 154 26 73 18
381 325 216 30 80 19
381 585 170 29 79 20
381 629 181 28 78 21
381 528 217 35 102 22
381 565 263 30 102 23
381 602 264 43 104 24
381 657 263 39 104 25
381 583 199 27 92 26
381 616 212 29 86 27
381 678 227 31 98 28
381 561 217 28 89 29
381 615 187 29 88 30
381 649 178 26 79 31
381 696 260 31 106 32
381 726 260 29 100 33
381 607 144 29 88 34
381 693 206 32 91 35
381 741 248 21 107 36
