60 216 197 29 76 1
60 562 146 28 82 2
60 517 151 38 76 3
60 681 75 28 58 4
60 429 140 22 71 5
60 488 124 29 61 6
60 486 110 23 57 7
60 312 151 27 74 8
60 280 162 21 70 9
60 367 121 24 69 10
60 221 251 39 98 11
60 250 123 25 60 12
60 243 161 26 78 13
60 324 134 22 60 14
60 190 225 38 105 15
60 537 136 26 77 18
60 342 159 24 78 20
60 378 158 21 65 21
60 353 211 30 95 22
60 397 195 25 82 23
60 425 219 35 93 25
60 118 270 41 107 26
60 220 178 25 78 27
60 374 209 29 90 29
60 621 206 30 102 30
60 501 233 34 103 32
60 529 236 31 91 33
60 361 227 31 109 34
60 158 181 31 87 35
60 657 172 28 81 37
60 577 113 19 61 38
60 544 117 28 65 39
60 345 172 26 79 40
60 546 125 24 61 41
60 50 77 19 46 42
