100 392 228 32 88 1
100 537 116 31 69 2
100 261 181 36 92 3
100 636 86 28 63 4
100 450 168 27 77 5
100 586 138 23 68 6
100 587 136 23 67 7
100 403 185 26 76 8
100 391 201 23 79 9
100 531 131 31 74 10
100 412 322 41 116 11
100 378 132 23 67 12
100 466 190 26 89 13
100 501 135 30 58 14
100 477 171 29 81 15
100 439 119 23 69 18
100 572 161 33 85 20
100 594 163 22 69 21
100 568 256 32 107 22
100 645 240 34 96 23
100 653 213 35 89 25
100 328 354 48 143 26
100 413 210 22 87 27
100 586 254 23 97 29
100 692 300 42 110 32
100 735 294 26 101 33
100 424 274 48 113 34
100 286 220 34 101 35
100 694 96 22 54 38
100 685 96 19 59 39
100 552 175 29 79 40
100 296 130 23 59 41
100 237 73 23 52 42
