54 190 193 29 74 1
54 560 152 27 83 2
54 556 144 32 75 3
54 668 76 27 59 4
54 418 138 20 68 5
54 457 122 29 64 6
54 453 108 23 57 7
54 298 149 26 72 8
54 270 157 20 68 9
54 343 116 26 69 10
54 200 243 36 95 11
54 229 121 27 59 12
54 219 156 24 77 13
54 300 131 20 61 14
54 159 237 33 105 15
54 534 142 26 79 18
54 314 155 24 77 20
54 340 159 21 66 21
54 320 205 30 93 22
54 364 189 26 78 23
54 396 211 34 91 25
54 94 259 41 103 26
54 193 174 25 76 27
54 346 204 26 85 29
54 579 198 32 96 30
54 473 228 33 101 32
54 501 229 31 94 33
54 365 228 33 108 34
54 126 179 31 86 35
54 653 161 28 78 37
54 552 118 22 61 38
54 505 121 37 66 39
54 314 172 26 78 40
54 585 124 24 61 41
54 22 78 19 46 42
