378 701 180 28 79 1
378 520 145 23 79 2
378 475 220 29 87 5
378 544 153 28 71 6
378 467 160 27 74 7
378 287 175 30 83 8
378 276 184 26 78 9
378 378 205 29 94 10
378 14 263 33 100 11
378 380 203 29 88 12
378 643 229 33 97 13
378 304 231 31 96 16
378 351 234 30 91 17
378 154 152 26 73 18
378 341 218 29 82 19
378 591 177 30 81 20
378 633 187 29 79 21
378 544 222 35 103 22
378 575 268 31 102 23
378 614 268 42 107 24
378 670 269 40 106 25
378 600 204 27 92 26
378 634 216 29 87 27
378 718 229 27 91 28
378 577 222 28 91 29
378 639 194 30 89 30
378 653 184 26 80 31
378 712 267 31 106 32
378 739 275 24 104 33
378 601 150 30 86 34
378 716 206 31 91 35
