365 677 165 26 77 1
365 577 159 27 89 2
365 637 316 48 126 3
365 523 240 31 95 5
365 600 157 26 73 6
365 533 175 26 81 7
365 374 176 29 88 8
365 363 188 27 76 9
365 418 229 32 101 10
365 106 267 41 106 11
365 424 220 33 93 12
365 710 250 33 99 13
365 268 211 29 90 16
365 324 211 28 85 17
365 89 145 24 77 18
365 381 239 27 88 19
365 625 204 31 100 20
365 662 212 33 85 21
365 619 243 37 105 22
365 624 293 34 109 23
365 662 284 37 106 24
365 726 292 37 117 25
365 678 221 33 101 26
365 713 234 28 96 27
365 648 239 29 103 29
365 688 211 25 84 31
365 590 176 30 93 34
