356 664 155 24 75 1
356 609 175 30 92 2
356 549 297 46 119 3
356 564 255 31 99 5
356 611 172 27 76 6
356 571 191 28 85 7
356 427 177 30 87 8
356 420 188 28 78 9
356 496 240 33 105 10
356 188 267 41 100 11
356 454 232 35 96 12
356 251 203 31 83 16
356 299 201 32 80 17
356 43 143 25 76 18
356 420 251 27 88 19
356 650 229 33 110 20
356 691 235 34 85 21
356 686 260 34 109 22
356 661 311 36 116 23
356 698 298 36 113 24
356 731 270 32 96 26
356 711 258 30 105 29
356 719 233 26 87 31
356 604 195 30 99 34
