2 20 153 20 63 1
2 503 196 32 97 2
2 493 134 28 75 3
2 450 99 28 63 4
2 206 137 26 62 5
2 187 136 27 65 6
2 160 135 26 61 7
2 165 126 22 60 8
2 132 137 26 59 9
2 96 121 25 60 10
2 55 191 29 74 11
2 24 124 22 58 12
2 52 143 18 64 13
2 66 136 18 62 14
2 474 185 30 96 18
2 12 160 26 77 20
2 36 163 22 69 21
2 54 173 24 74 22
2 87 157 25 64 23
2 115 165 27 72 25
2 565 179 34 85 28
2 74 170 27 76 29
2 244 147 23 73 30
2 225 174 28 74 32
2 249 172 32 74 33
2 341 211 35 104 34
2 501 122 26 69 37
2 329 130 27 58 38
2 270 125 33 62 39
2 4 173 17 68 40
