377 700 179 28 79 1
377 525 146 23 80 2
377 478 221 30 87 5
377 550 152 28 71 6
377 472 161 27 74 7
377 294 175 30 83 8
377 282 184 26 78 9
377 382 206 29 94 10
377 19 264 34 100 11
377 384 204 30 88 12
377 647 231 33 97 13
377 301 230 31 96 16
377 348 232 30 91 17
377 149 152 26 73 18
377 347 219 28 82 19
377 594 179 30 82 20
377 634 188 30 79 21
377 550 223 35 103 22
377 578 270 31 102 23
377 619 270 41 108 24
377 674 271 40 107 25
377 605 206 27 92 26
377 640 218 29 88 27
377 728 231 25 90 28
377 582 224 28 92 29
377 647 196 30 89 30
377 654 186 26 80 31
377 717 269 31 106 32
377 600 152 30 86 34
377 723 206 30 91 35
