5 27 155 20 63 1
5 511 195 36 95 2
5 512 133 32 75 3
5 469 98 26 63 4
5 221 137 24 62 5
5 210 134 24 64 6
5 179 132 25 61 7
5 173 127 22 60 8
5 147 136 25 59 9
5 112 120 25 60 10
5 64 194 29 76 11
5 36 124 21 57 12
5 55 145 18 64 13
5 78 136 18 62 14
5 480 185 31 95 18
5 24 161 28 76 20
5 50 165 22 67 21
5 68 173 25 76 22
5 101 158 24 65 23
5 133 167 27 73 25
5 1 156 15 65 27
5 591 183 32 89 28
5 89 171 26 77 29
5 264 148 23 74 30
5 241 177 29 75 32
5 266 174 32 73 33
5 343 214 34 104 34
5 519 122 28 66 37
5 341 131 27 58 38
5 284 124 32 62 39
5 11 174 19 69 40
