1 19 152 20 63 1
1 501 196 31 97 2
1 487 135 27 75 3
1 445 100 28 63 4
1 201 137 26 63 5
1 180 136 28 65 6
1 155 136 26 61 7
1 162 125 22 60 8
1 127 137 26 59 9
1 92 122 25 60 10
1 52 190 29 73 11
1 21 124 22 58 12
1 51 143 18 64 13
1 62 135 18 62 14
1 472 185 30 97 18
1 8 159 26 77 20
1 32 163 22 69 21
1 50 173 24 73 22
1 83 157 26 64 23
1 110 165 27 72 25
1 557 178 34 83 28
1 69 169 27 76 29
1 238 147 23 73 30
1 221 174 28 74 32
1 244 172 32 74 33
1 340 210 35 103 34
1 495 122 25 70 37
1 325 130 27 57 38
1 266 125 33 61 39
1 3 172 16 68 40
