367 681 167 26 78 1
367 570 155 26 88 2
367 660 321 47 126 3
367 515 237 31 94 5
367 593 155 27 71 6
367 523 173 26 79 7
367 361 176 29 88 8
367 348 187 27 77 9
367 408 226 32 99 10
367 89 267 44 105 11
367 417 218 32 92 12
367 697 247 33 99 13
367 273 213 29 92 16
367 329 214 28 86 17
367 99 146 25 76 18
367 377 235 27 87 19
367 619 199 31 97 20
367 655 208 33 84 21
367 603 240 38 103 22
367 616 289 34 108 23
367 655 282 38 107 24
367 718 289 39 116 25
367 666 218 32 99 26
367 701 231 28 94 27
367 637 236 29 101 29
367 725 221 29 93 30
367 681 205 25 83 31
367 590 172 30 92 34
