86 327 218 30 83 1
86 565 125 28 73 2
86 363 169 41 88 3
86 677 76 25 64 4
86 436 156 26 75 5
86 610 123 23 64 6
86 564 124 23 62 7
86 368 167 26 76 8
86 347 184 22 76 9
86 468 130 24 75 10
86 332 294 40 106 11
86 328 130 20 63 12
86 374 182 26 85 13
86 437 135 18 63 14
86 407 187 28 94 15
86 506 119 23 72 18
86 496 154 32 81 20
86 517 153 24 68 21
86 478 239 39 106 22
86 549 221 30 93 23
86 575 218 38 88 25
86 246 321 47 127 26
86 340 198 25 86 27
86 505 238 28 97 29
86 627 265 37 106 32
86 654 267 33 100 33
86 367 236 39 104 34
86 257 201 30 93 35
86 737 218 27 90 37
86 652 102 23 56 38
86 636 104 22 62 39
86 441 177 27 76 40
86 382 128 24 60 41
86 165 74 22 51 42
