431 492 185 33 82 1
431 241 179 31 85 2
431 527 215 33 98 3
431 648 134 31 80 4
431 282 162 25 69 5
431 477 228 32 96 6
431 208 136 28 61 7
431 3 180 23 77 8
431 123 176 26 74 12
431 450 163 26 84 13
431 403 211 26 94 15
431 613 347 51 129 16
431 685 340 40 116 17
431 375 215 40 98 18
431 90 183 24 66 19
431 587 109 24 70 20
431 611 126 22 60 21
431 288 176 30 83 22
431 358 196 31 82 23
431 352 206 34 90 24
431 602 184 35 88 25
431 362 148 27 74 26
431 308 166 26 75 27
431 212 187 35 86 28
431 313 175 30 79 29
431 267 142 26 72 30
431 629 124 24 62 31
431 421 189 31 85 32
431 446 186 29 82 33
431 685 114 27 70 34
431 273 224 37 101 35
431 456 178 23 84 36
431 139 110 20 54 43
