432 488 185 33 82 1
432 241 181 30 85 2
432 524 212 32 98 3
432 649 133 31 80 4
432 278 161 25 69 5
432 481 230 32 96 6
432 203 136 28 61 7
432 2 180 21 77 8
432 119 176 26 74 12
432 449 162 26 84 13
432 398 210 26 94 15
432 621 350 52 129 16
432 693 342 40 116 17
432 379 216 39 98 18
432 87 182 24 65 19
432 584 109 24 70 20
432 609 126 22 60 21
432 283 175 29 83 22
432 354 195 32 81 23
432 344 206 35 90 24
432 602 183 36 87 25
432 358 147 27 74 26
432 304 165 26 75 27
432 207 186 34 85 28
432 308 174 30 79 29
432 260 142 26 72 30
432 626 123 25 62 31
432 416 188 31 85 32
432 440 185 29 82 33
432 682 115 28 71 34
432 266 223 40 101 35
432 452 177 23 85 36
432 143 110 20 54 43
