67 246 201 29 78 1
67 566 140 28 80 2
67 475 154 35 82 3
67 695 73 29 57 4
67 439 143 23 74 5
67 527 123 28 59 6
67 521 113 22 61 7
67 335 154 27 74 8
67 296 167 22 72 9
67 394 127 24 67 10
67 248 260 42 101 11
67 273 125 23 62 12
67 272 168 28 79 13
67 351 140 25 58 14
67 250 214 32 99 15
67 542 129 25 75 18
67 393 153 25 79 20
67 421 157 22 63 21
67 391 218 30 98 22
67 435 205 28 83 23
67 468 223 36 93 25
67 151 280 41 113 26
67 253 183 27 80 27
67 409 215 29 92 29
67 664 218 33 105 30
67 536 239 36 103 32
67 566 241 31 89 33
67 361 228 30 108 34
67 190 187 30 89 35
67 672 184 26 83 37
67 599 110 21 60 38
67 576 113 22 63 39
67 360 179 26 79 40
67 501 126 25 60 41
67 82 76 19 46 42
