8 33 157 20 63 1
8 519 194 39 93 2
8 532 131 36 75 3
8 488 97 25 63 4
8 237 136 23 62 5
8 233 131 22 63 6
8 197 130 25 61 7
8 181 128 22 60 8
8 162 136 24 59 9
8 128 118 25 60 10
8 73 197 29 78 11
8 47 124 21 56 12
8 50 147 18 64 13
8 90 136 18 62 14
8 486 185 32 94 18
8 37 162 29 76 20
8 64 167 22 66 21
8 83 173 25 78 22
8 116 158 23 65 23
8 150 169 27 73 25
8 5 156 19 66 27
8 615 186 29 93 28
8 105 173 26 77 29
8 284 149 23 74 30
8 258 179 30 76 32
8 282 176 31 73 33
8 345 218 34 104 34
8 537 122 29 65 37
8 354 131 27 58 38
8 299 123 30 62 39
8 22 175 21 68 40
