74 277 206 30 80 1
74 570 135 28 77 2
74 432 160 32 86 3
74 691 74 28 59 4
74 437 147 25 74 5
74 567 117 24 61 6
74 543 115 23 59 7
74 352 158 27 74 8
74 315 172 22 73 9
74 418 129 23 70 10
74 272 272 40 104 11
74 291 125 23 63 12
74 305 174 27 82 13
74 383 141 21 59 14
74 314 206 29 98 15
74 539 123 24 74 18
74 431 152 30 80 20
74 458 157 22 69 21
74 423 227 32 101 22
74 473 213 31 84 23
74 509 222 35 93 25
74 187 298 43 114 26
74 283 188 27 82 27
74 444 223 28 94 29
74 703 231 39 107 30
74 570 245 37 104 32
74 593 246 31 97 33
74 362 229 29 107 34
74 219 194 30 91 35
74 694 196 26 86 37
74 619 107 24 58 38
74 601 109 21 62 39
74 370 180 24 78 40
74 456 127 25 60 41
74 111 76 17 48 42
