402 633 196 34 82 1
402 384 145 24 73 2
402 670 295 39 124 3
402 680 180 40 98 4
402 399 185 26 78 5
402 452 178 27 80 6
402 359 141 24 67 7
402 159 172 29 79 8
402 132 189 29 74 9
402 155 195 39 86 10
402 273 185 28 80 12
402 563 195 28 89 13
402 632 238 33 101 15
402 409 275 34 103 16
402 474 274 35 99 17
402 272 168 35 87 18
402 214 199 28 74 19
402 584 136 25 78 20
402 618 146 24 70 21
402 424 203 33 96 22
402 473 233 30 96 23
402 506 231 34 97 24
402 609 233 31 106 25
402 489 173 30 83 26
402 489 188 28 84 27
402 440 214 39 96 28
402 454 199 28 84 29
402 459 159 25 81 30
402 640 145 25 67 31
402 590 222 34 99 32
402 616 219 29 92 33
402 657 116 26 68 34
402 545 230 33 103 35
402 635 215 27 92 36
402 14 121 19 48 43
