362 671 162 25 77 1
362 588 164 28 90 2
362 610 311 47 125 3
362 535 245 31 97 5
362 608 162 24 75 6
362 546 180 26 82 7
362 392 177 30 88 8
362 383 189 28 76 9
362 438 234 31 103 10
362 131 268 41 105 11
362 434 224 33 94 12
362 730 262 29 101 13
362 263 208 30 88 16
362 316 208 27 84 17
362 74 144 23 77 18
362 390 244 27 88 19
362 633 211 31 104 20
362 671 219 34 86 21
362 643 248 36 108 22
362 635 299 35 112 23
362 673 288 37 106 24
362 739 288 27 113 25
362 699 225 32 102 26
362 727 239 26 98 27
362 665 244 29 104 29
362 698 219 25 85 31
362 594 182 30 95 34
