407 606 194 36 82 1
407 352 149 25 77 2
407 636 281 39 118 3
407 670 171 37 96 4
407 378 180 28 76 5
407 464 183 29 82 6
407 334 140 24 63 7
407 133 174 29 78 8
407 107 189 28 73 9
407 118 192 31 85 10
407 248 182 28 79 12
407 548 189 28 84 13
407 586 236 42 100 15
407 440 283 34 106 16
407 504 283 36 102 17
407 288 174 34 89 18
407 192 196 25 69 19
407 583 131 25 76 20
407 619 140 24 69 21
407 398 195 33 94 22
407 453 227 31 94 23
407 482 227 34 92 24
407 606 224 31 103 25
407 468 167 29 81 26
407 457 184 27 83 27
407 400 207 37 97 28
407 432 194 29 84 29
407 428 155 25 78 30
407 640 140 25 64 31
407 561 215 33 97 32
407 587 214 29 90 33
407 668 111 26 69 34
407 504 234 41 106 35
407 607 208 27 89 36
407 33 118 21 51 43
