72 268 205 30 79 1
72 569 137 28 78 2
72 444 158 32 85 3
72 693 74 28 59 4
72 438 146 24 74 5
72 556 118 25 61 6
72 538 114 23 59 7
72 349 157 27 74 8
72 310 170 22 72 9
72 412 128 23 69 10
72 265 269 40 103 11
72 286 125 23 63 12
72 295 172 28 80 13
72 373 141 23 58 14
72 298 208 29 98 15
72 543 125 24 74 18
72 421 152 28 80 20
72 448 157 22 67 21
72 415 225 31 100 22
72 462 211 30 83 23
72 498 223 36 93 25
72 177 293 42 115 26
72 274 187 27 81 27
72 434 221 29 94 29
72 692 227 37 106 30
72 560 243 37 103 32
72 586 244 31 94 33
72 362 228 28 108 34
72 213 192 30 91 35
72 687 192 25 85 37
72 613 108 23 58 38
72 594 110 21 63 39
72 366 180 25 78 40
72 469 127 25 60 41
72 103 76 18 47 42
