32 94 174 25 68 1
32 554 172 30 87 2
32 642 131 29 74 3
32 604 89 25 63 4
32 339 132 23 62 5
32 373 108 22 60 6
32 333 117 23 58 7
32 256 136 21 61 8
32 230 143 20 66 9
32 240 115 21 62 10
32 147 213 34 87 11
32 138 118 20 57 12
32 114 152 26 65 13
32 192 139 20 55 14
32 0 279 30 103 15
32 525 169 27 86 18
32 164 159 24 79 20
32 186 164 22 66 21
32 203 184 29 86 22
32 227 169 24 76 23
32 264 186 28 81 25
32 36 226 34 85 26
32 98 161 22 69 27
32 740 234 24 92 28
32 227 182 28 78 29
32 426 169 30 86 30
32 372 200 33 85 32
32 399 198 28 86 33
32 351 230 30 108 34
32 23 172 26 77 35
32 622 133 25 70 37
32 454 128 29 65 38
32 403 124 22 66 39
32 156 178 27 71 40
32 745 127 18 61 41
