393 680 193 32 81 1
393 440 142 23 68 2
393 728 322 32 132 3
393 717 196 39 102 4
393 427 198 27 81 5
393 463 167 31 76 6
393 400 146 25 70 7
393 203 173 26 81 8
393 183 186 28 75 9
393 241 197 31 90 10
393 318 189 29 82 12
393 588 205 29 98 13
393 706 241 33 104 15
393 355 262 32 99 16
393 420 258 33 94 17
393 233 158 35 80 18
393 258 208 28 74 19
393 584 147 25 82 20
393 621 161 25 73 21
393 466 207 34 96 22
393 512 244 29 100 23
393 549 240 32 100 24
393 623 244 34 103 25
393 529 184 29 94 26
393 543 196 29 85 27
393 527 221 32 99 28
393 497 206 28 86 29
393 521 168 28 84 30
393 640 155 25 73 31
393 635 238 35 99 32
393 665 236 31 97 33
393 637 125 26 75 34
393 605 220 30 93 35
393 685 226 25 98 36
