98 383 227 31 87 1
98 542 117 30 69 2
98 277 179 35 91 3
98 642 84 28 63 4
98 448 166 27 77 5
98 593 136 23 67 6
98 585 134 23 66 7
98 397 182 26 76 8
98 384 199 23 79 9
98 522 132 31 75 10
98 402 318 40 115 11
98 371 132 22 66 12
98 453 189 25 88 13
98 491 134 29 58 14
98 469 173 29 83 15
98 450 119 23 69 18
98 559 160 33 84 20
98 583 161 22 69 21
98 556 253 32 106 22
98 629 238 34 95 23
98 643 213 34 89 25
98 314 348 47 140 26
98 401 207 21 85 27
98 573 252 23 97 29
98 680 294 45 110 32
98 723 293 32 101 33
98 408 268 45 110 34
98 282 218 34 100 35
98 687 96 23 54 38
98 678 97 20 60 39
98 536 174 31 79 40
98 310 130 23 59 41
98 227 73 22 52 42
