372 691 173 27 78 1
372 548 150 25 84 2
372 714 333 47 129 3
372 497 229 30 91 5
372 574 150 27 71 6
372 497 167 27 77 7
372 328 175 30 86 8
372 313 184 27 79 9
372 393 215 31 97 10
372 50 266 41 101 11
372 401 211 31 90 12
372 666 240 33 98 13
372 287 221 30 94 16
372 338 222 29 88 17
372 123 148 27 75 18
372 368 224 27 85 19
372 606 188 30 89 20
372 641 198 32 82 21
372 573 232 37 102 22
372 596 279 33 104 23
372 638 276 39 110 24
372 696 280 39 112 25
372 635 212 29 95 26
372 670 224 29 91 27
372 609 231 29 96 29
372 687 207 30 91 30
372 664 194 26 82 31
372 733 282 32 106 32
372 594 162 30 88 34
