30 88 173 24 67 1
30 553 174 30 87 2
30 636 132 31 73 3
30 595 89 26 63 4
30 328 132 24 62 5
30 361 110 23 60 6
30 324 118 23 58 7
30 252 136 21 61 8
30 226 142 20 66 9
30 231 115 19 63 10
30 140 212 35 86 11
30 130 119 20 56 12
30 102 152 26 64 13
30 183 139 21 54 14
30 523 171 27 87 18
30 152 159 24 79 20
30 174 165 23 66 21
30 195 183 27 86 22
30 216 167 23 76 23
30 254 184 28 81 25
30 30 225 33 85 26
30 90 160 22 68 27
30 737 230 28 98 28
30 216 182 29 77 29
30 413 167 28 85 30
30 363 198 33 84 32
30 389 195 28 85 33
30 350 230 30 108 34
30 15 171 25 76 35
30 620 131 25 69 37
30 446 129 28 65 38
30 393 124 22 65 39
30 141 179 28 71 40
