90 345 221 30 84 1
90 558 122 28 71 2
90 338 172 38 88 3
90 667 78 25 64 4
90 440 159 27 76 5
90 610 126 22 64 6
90 572 127 23 63 7
90 378 170 26 77 8
90 359 189 22 77 9
90 489 131 24 76 10
90 358 302 40 111 11
90 344 133 21 61 12
90 401 184 23 86 13
90 455 133 18 62 14
90 431 182 29 92 15
90 487 118 23 71 18
90 515 156 30 83 20
90 539 154 23 69 21
90 502 244 38 107 22
90 574 227 32 94 23
90 598 217 38 87 25
90 268 331 47 133 26
90 360 201 24 85 27
90 527 242 27 97 29
90 643 274 41 107 32
90 677 275 34 101 33
90 373 241 38 108 34
90 267 205 33 94 35
90 747 224 19 88 37
90 663 100 23 55 38
90 650 102 22 61 39
90 475 175 32 77 40
90 359 129 24 60 41
90 185 73 21 51 42
