84 318 216 30 82 1
84 567 127 28 74 2
84 374 168 40 87 3
84 680 76 25 63 4
84 435 154 26 75 5
84 606 121 23 63 6
84 560 123 23 61 7
84 363 165 26 75 8
84 341 181 22 75 9
84 459 129 24 75 10
84 320 289 40 105 11
84 320 128 20 64 12
84 360 182 27 84 13
84 428 136 18 64 14
84 390 191 31 95 15
84 514 119 23 73 18
84 484 154 34 81 20
84 507 154 25 68 21
84 469 236 37 107 22
84 536 220 30 91 23
84 563 218 36 90 25
84 234 316 46 124 26
84 330 197 25 85 27
84 493 235 28 97 29
84 618 262 36 106 32
84 643 262 32 100 33
84 364 235 39 103 34
84 251 200 31 93 35
84 730 214 31 91 37
84 646 103 23 56 38
84 630 104 22 62 39
84 425 178 26 75 40
84 394 128 24 60 41
84 156 75 22 50 42
