414 568 191 37 83 1
414 308 156 28 78 2
414 596 260 36 109 3
414 656 158 35 92 4
414 350 175 29 73 5
414 472 192 31 85 6
414 299 136 23 60 7
414 88 179 33 78 8
414 69 188 29 73 9
414 59 189 27 80 10
414 210 180 27 78 12
414 518 180 28 83 13
414 529 231 39 98 15
414 488 299 35 117 16
414 547 297 38 106 17
414 309 184 33 92 18
414 159 192 26 71 19
414 586 122 25 73 20
414 625 133 23 66 21
414 364 186 33 90 22
414 426 218 31 90 23
414 456 220 35 94 24
414 602 212 31 98 25
414 437 161 28 79 26
414 411 177 25 81 27
414 337 203 38 95 28
414 401 188 30 83 29
414 382 150 26 76 30
414 642 131 23 63 31
414 518 208 32 92 32
414 546 206 29 87 33
414 682 103 23 69 34
414 429 243 46 104 35
414 562 198 26 87 36
414 64 115 21 52 43
