12 42 160 19 63 1
12 530 191 38 91 2
12 555 131 38 74 3
12 510 96 25 63 4
12 257 135 21 61 5
12 259 129 21 62 6
12 221 127 25 61 7
12 193 129 22 61 8
12 179 136 22 59 9
12 146 117 25 61 10
12 85 199 30 80 11
12 62 125 21 55 12
12 39 147 18 64 13
12 107 137 18 61 14
12 493 185 33 93 18
12 57 163 27 77 20
12 82 168 22 65 21
12 104 175 25 79 22
12 135 159 22 66 23
12 170 171 27 75 25
12 0 204 16 81 26
12 18 157 21 66 27
12 639 194 30 96 28
12 126 174 26 78 29
12 308 151 23 76 30
12 279 183 32 78 32
12 304 179 31 73 33
12 347 221 34 105 34
12 560 122 31 65 37
12 371 131 27 59 38
12 317 122 29 63 39
12 41 178 24 67 40
