29 85 172 23 67 1
29 553 175 30 88 2
29 634 132 31 72 3
29 590 90 27 64 4
29 323 132 25 62 5
29 355 111 24 60 6
29 320 119 23 58 7
29 249 135 21 61 8
29 224 141 20 65 9
29 226 114 19 64 10
29 137 211 36 86 11
29 126 120 21 56 12
29 95 152 26 64 13
29 178 139 22 54 14
29 522 172 27 88 18
29 146 160 24 79 20
29 169 165 23 66 21
29 191 183 26 86 22
29 210 167 22 75 23
29 249 183 28 81 25
29 27 224 33 86 26
29 86 160 22 68 27
29 733 228 30 100 28
29 211 182 30 77 29
29 407 166 27 85 30
29 358 197 33 84 32
29 383 194 28 84 33
29 349 229 30 108 34
29 12 171 24 76 35
29 619 130 25 69 37
29 442 129 28 64 38
29 388 124 22 65 39
29 134 179 28 71 40
