384 706 186 29 80 1
384 491 141 22 74 2
384 454 211 29 84 5
384 511 160 32 71 6
384 438 154 26 71 7
384 248 174 28 82 8
384 239 184 25 77 9
384 334 200 31 92 10
384 0 256 19 99 11
384 359 195 29 85 12
384 621 219 34 96 13
384 323 244 31 97 16
384 375 243 31 92 17
384 184 156 30 74 18
384 308 214 31 77 19
384 582 163 28 80 20
384 625 176 27 76 21
384 512 214 35 101 22
384 554 257 29 101 23
384 589 258 41 102 24
384 645 257 37 102 25
384 567 195 28 92 26
384 598 208 29 85 27
384 636 226 33 102 28
384 545 213 27 88 29
384 591 182 28 87 30
384 646 173 26 78 31
384 680 253 31 105 32
384 710 255 30 96 33
384 613 138 28 88 34
384 674 208 29 93 35
384 728 243 21 104 36
