17 53 164 19 63 1
17 543 185 33 90 2
17 582 132 37 72 3
17 535 94 27 64 4
17 276 134 22 62 5
17 287 128 22 60 6
17 249 126 26 60 7
17 209 131 22 61 8
17 199 136 20 59 9
17 168 116 25 62 10
17 99 203 31 82 11
17 81 125 20 55 12
17 41 148 20 64 13
17 127 137 21 59 14
17 503 184 34 91 18
17 83 164 25 78 20
17 107 168 24 66 21
17 131 178 25 82 22
17 155 161 22 67 23
17 192 174 28 77 25
17 1 208 27 83 26
17 38 159 21 66 27
17 667 203 32 98 28
17 151 178 27 77 29
17 337 155 24 79 30
17 306 187 33 79 32
17 326 183 30 76 33
17 346 223 34 106 34
17 586 122 30 65 37
17 393 132 27 60 38
17 337 123 26 64 39
17 65 181 29 67 40
