380 703 182 29 79 1
380 511 143 23 77 2
380 467 217 29 86 5
380 533 156 30 71 6
380 457 158 27 73 7
380 274 175 29 83 8
380 264 184 26 78 9
380 366 202 28 92 10
380 5 261 31 99 11
380 374 200 29 87 12
380 637 226 33 96 13
380 310 235 31 97 16
380 357 237 30 91 17
380 164 154 26 73 18
380 330 217 29 80 19
380 587 172 30 79 20
380 630 183 28 78 21
380 533 219 35 102 22
380 568 264 30 102 23
380 606 265 43 105 24
380 662 265 39 105 25
380 589 201 27 92 26
380 622 214 29 86 27
380 692 227 29 96 28
380 566 219 28 90 29
380 623 190 29 88 30
380 650 180 26 79 31
380 702 262 31 106 32
380 731 263 27 102 33
380 605 146 29 87 34
380 701 206 33 91 35
