390 694 192 31 81 1
390 457 142 23 70 2
390 730 202 34 105 4
390 436 202 28 82 5
390 475 164 32 74 6
390 413 149 25 71 7
390 217 174 27 82 8
390 202 185 27 76 9
390 273 199 31 91 10
390 333 191 29 83 12
390 595 210 34 99 13
390 727 242 32 104 15
390 343 256 31 99 16
390 403 253 33 92 17
390 217 157 34 78 18
390 274 210 30 74 19
390 582 152 26 82 20
390 622 166 26 74 21
390 482 209 35 97 22
390 527 249 29 100 23
390 564 245 31 101 24
390 628 248 35 102 25
390 541 187 29 94 26
390 562 200 29 85 27
390 564 224 30 102 28
390 512 208 28 86 29
390 543 173 28 85 30
390 642 162 25 75 31
390 651 243 35 100 32
390 680 242 31 98 33
390 629 129 27 79 34
390 630 216 30 91 35
390 700 231 24 99 36
