129 498 220 30 90 1
129 381 114 31 67 2
129 72 220 30 95 3
129 561 103 23 68 4
129 464 207 28 83 5
129 455 168 29 75 6
129 504 156 28 73 7
129 563 199 30 94 8
129 544 216 27 89 9
129 635 143 30 77 10
129 609 387 41 133 11
129 426 146 26 70 12
129 641 166 24 82 13
129 528 158 24 65 14
129 549 129 24 73 15
129 271 131 37 68 18
129 707 184 32 89 20
129 747 235 20 88 21
129 734 290 31 111 22
129 603 469 60 105 26
129 577 251 33 104 27
129 453 254 40 114 35
129 741 203 23 78 40
129 103 136 28 61 41
129 417 77 18 52 42
