122 475 225 30 92 1
122 427 113 30 67 2
122 102 214 33 92 3
122 581 98 23 67 4
122 464 197 27 81 5
122 499 166 30 75 6
122 547 156 28 71 7
122 526 198 26 88 8
122 502 217 24 85 9
122 631 138 29 75 10
122 552 375 45 130 11
122 424 143 25 68 12
122 612 170 24 84 13
122 548 152 22 62 14
122 532 137 25 76 15
122 311 126 28 68 18
122 692 176 29 83 20
122 723 184 25 72 21
122 714 293 41 121 22
122 533 438 60 135 26
122 543 241 34 98 27
122 736 280 27 110 29
122 388 245 49 112 35
122 749 88 17 59 39
122 705 192 32 82 40
122 147 134 26 62 41
122 375 77 22 52 42
