93 359 224 30 85 1
93 552 120 28 70 2
93 317 174 33 88 3
93 658 81 26 64 4
93 443 162 27 76 5
93 605 130 22 65 6
93 578 129 23 64 7
93 385 174 26 78 8
93 368 193 23 78 9
93 502 131 26 76 10
93 375 308 40 113 11
93 354 132 22 63 12
93 421 186 23 87 13
93 468 132 20 60 14
93 446 179 30 89 15
93 473 118 23 70 18
93 529 159 36 83 20
93 556 157 22 69 21
93 523 247 33 107 22
93 593 231 33 93 23
93 615 216 36 87 25
93 284 336 46 135 26
93 375 203 22 85 27
93 542 246 25 98 29
93 654 281 45 108 32
93 694 281 35 102 33
93 381 249 39 111 34
93 273 210 34 96 35
93 671 99 23 55 38
93 660 100 21 61 39
93 499 174 33 77 40
93 342 129 24 59 41
93 200 73 20 52 42
