9 36 158 20 63 1
9 522 193 40 92 2
9 538 131 37 75 3
9 494 96 25 63 4
9 242 136 23 62 5
9 240 131 21 63 6
9 203 129 25 61 7
9 184 128 22 60 8
9 166 136 23 59 9
9 133 118 25 60 10
9 76 198 30 79 11
9 51 124 21 56 12
9 47 147 18 64 13
9 94 136 18 62 14
9 488 185 32 94 18
9 42 162 28 76 20
9 68 167 22 66 21
9 88 174 25 78 22
9 121 158 23 65 23
9 155 170 27 74 25
9 7 156 20 66 27
9 621 188 29 94 28
9 110 173 26 78 29
9 290 149 23 75 30
9 263 180 31 77 32
9 288 177 31 73 33
9 345 219 34 104 34
9 543 122 30 65 37
9 359 131 27 59 38
9 304 123 30 62 39
9 27 176 22 68 40
