369 685 169 27 78 1
369 561 153 25 86 2
369 686 326 46 127 3
369 508 234 31 92 5
369 586 153 28 70 6
369 513 171 26 78 7
369 348 176 29 87 8
369 333 186 27 78 9
369 400 222 32 97 10
369 72 267 45 103 11
369 411 215 32 91 12
369 684 244 33 99 13
369 278 217 29 93 16
369 333 217 28 87 17
369 108 147 26 75 18
369 374 230 27 87 19
369 614 194 31 94 20
369 649 204 32 83 21
369 588 237 39 102 22
369 608 285 33 106 23
369 648 280 39 108 24
369 709 285 40 115 25
369 653 216 31 98 26
369 689 228 28 93 27
369 626 234 29 99 29
369 710 214 29 92 30
369 674 200 25 83 31
369 591 168 30 90 34
