105 414 230 35 90 1
105 522 114 32 68 2
105 217 189 40 89 3
105 622 89 29 62 4
105 455 173 27 78 5
105 567 144 24 71 6
105 592 141 23 70 7
105 423 191 26 79 8
105 410 206 23 80 9
105 554 129 28 75 10
105 435 333 41 122 11
105 393 134 23 68 12
105 501 188 26 90 13
105 530 134 22 58 14
105 491 163 28 78 15
105 413 115 27 75 18
105 601 164 31 84 20
105 623 167 21 70 21
105 598 264 41 110 22
105 685 248 36 97 23
105 676 211 39 90 25
105 366 367 55 143 26
105 444 217 24 92 27
105 620 261 22 98 29
105 723 310 35 110 32
105 474 298 50 119 34
105 295 227 34 104 35
105 710 93 22 54 38
105 702 94 18 59 39
105 590 179 27 79 40
105 261 130 23 59 41
105 265 73 25 53 42
