408 601 194 36 83 1
408 346 150 25 77 2
408 629 278 39 116 3
408 668 169 36 96 4
408 374 179 29 75 5
408 466 184 29 83 6
408 329 140 24 62 7
408 127 175 29 78 8
408 102 189 27 73 9
408 111 192 31 85 10
408 242 182 28 79 12
408 545 188 28 84 13
408 577 236 43 100 15
408 447 286 35 107 16
408 510 285 36 102 17
408 291 175 33 90 18
408 187 196 25 70 19
408 583 129 25 75 20
408 620 139 24 68 21
408 393 194 34 93 22
408 449 225 31 93 23
408 478 226 35 92 24
408 605 223 31 102 25
408 463 166 29 81 26
408 451 183 27 82 27
408 391 207 37 97 28
408 427 193 29 84 29
408 422 155 25 78 30
408 640 139 25 63 31
408 555 214 33 96 32
408 581 213 29 90 33
408 670 109 25 69 34
408 494 235 41 106 35
408 601 206 27 88 36
408 37 117 21 52 43
