114 448 228 30 91 1
114 476 113 27 67 2
114 150 204 33 88 3
114 601 93 25 65 4
114 464 185 27 80 5
114 535 155 27 74 6
114 594 150 28 73 7
114 473 196 25 83 8
114 449 213 23 82 9
114 601 131 27 72 10
114 489 355 45 129 11
114 417 140 23 67 12
114 564 180 26 88 13
114 561 144 20 59 14
114 510 149 25 76 15
114 361 123 34 68 18
114 659 169 28 83 20
114 681 176 20 72 21
114 663 277 38 118 22
114 733 295 31 105 23
114 720 220 34 92 25
114 457 400 64 150 26
114 498 227 29 95 27
114 683 275 33 104 29
114 623 384 56 137 34
114 325 239 39 111 35
114 733 90 22 56 38
114 729 90 18 59 39
114 656 184 28 80 40
114 199 132 24 61 41
114 323 75 22 53 42
