10 38 158 19 63 1
10 525 192 39 92 2
10 544 131 38 74 3
10 499 96 24 63 4
10 247 136 22 62 5
10 247 130 21 63 6
10 209 128 24 61 7
10 187 129 22 60 8
10 170 136 23 59 9
10 138 117 25 60 10
10 79 198 30 79 11
10 55 124 21 56 12
10 44 147 18 64 13
10 98 136 18 62 14
10 489 185 32 94 18
10 47 162 28 77 20
10 73 168 22 66 21
10 94 174 25 78 22
10 126 158 23 66 23
10 161 170 27 74 25
10 10 157 20 66 27
10 628 190 29 94 28
10 116 173 26 78 29
10 296 150 23 75 30
10 269 181 31 77 32
10 293 177 31 73 33
10 346 220 34 105 34
10 549 122 30 65 37
10 363 131 27 59 38
10 309 123 30 63 39
10 32 177 22 67 40
