75 281 207 30 80 1
75 571 134 28 77 2
75 426 161 33 86 3
75 690 74 28 60 4
75 436 148 25 74 5
75 572 116 24 61 6
75 545 116 23 59 7
75 354 158 27 74 8
75 318 173 22 73 9
75 422 129 23 71 10
75 276 273 41 105 11
75 294 125 23 63 12
75 310 174 26 82 13
75 388 140 20 59 14
75 321 205 31 97 15
75 537 122 24 73 18
75 436 153 30 80 20
75 464 156 22 69 21
75 428 229 32 102 22
75 479 214 31 85 23
75 515 221 35 93 25
75 191 300 43 115 26
75 287 189 26 82 27
75 449 224 28 94 29
75 709 233 39 107 30
75 575 246 37 104 32
75 597 247 31 97 33
75 362 229 30 107 34
75 221 195 30 91 35
75 697 198 26 87 37
75 621 107 24 58 38
75 604 108 21 62 39
75 373 180 24 78 40
75 450 127 25 60 41
75 116 76 17 48 42
