419 540 190 36 83 1
419 277 161 30 79 2
419 568 246 35 106 3
419 649 150 33 89 4
419 331 171 29 71 5
419 459 201 29 87 6
419 275 133 22 60 7
419 59 178 33 78 8
419 42 188 30 73 9
419 18 186 25 78 10
419 182 178 27 77 12
419 491 173 27 83 13
419 491 226 31 96 15
419 523 312 37 122 16
419 580 309 41 110 17
419 328 195 36 93 18
419 136 188 27 72 19
419 591 117 25 71 20
419 628 128 23 64 21
419 345 184 33 87 22
419 405 211 29 88 23
419 430 214 33 93 24
419 601 203 32 95 25
419 415 157 28 78 26
419 381 173 24 80 27
419 295 199 37 93 28
419 379 185 31 82 29
419 345 146 28 74 30
419 644 126 21 64 31
419 489 202 32 90 32
419 517 201 30 85 33
419 692 106 23 64 34
419 383 238 34 102 35
419 530 191 25 86 36
419 86 114 20 53 43
