92 355 223 30 85 1
92 554 121 28 71 2
92 324 174 34 88 3
92 661 80 26 64 4
92 442 161 27 76 5
92 607 129 22 65 6
92 576 128 23 63 7
92 383 173 26 78 8
92 365 192 23 77 9
92 498 131 26 76 10
92 370 307 40 112 11
92 351 133 21 62 12
92 414 185 23 86 13
92 464 132 19 61 14
92 441 180 30 90 15
92 477 118 23 70 18
92 524 158 34 83 20
92 550 156 22 69 21
92 516 246 34 107 22
92 587 230 33 93 23
92 609 216 37 87 25
92 279 334 47 135 26
92 370 202 23 85 27
92 537 245 25 98 29
92 651 279 44 108 32
92 688 279 35 101 33
92 378 246 38 110 34
92 271 208 34 95 35
92 669 99 23 55 38
92 657 101 21 61 39
92 491 174 33 77 40
92 348 129 24 59 41
92 195 73 20 52 42
