434 482 184 32 81 1
434 240 183 30 85 2
434 521 208 32 98 3
434 651 132 30 79 4
434 272 160 24 69 5
434 487 233 32 93 6
434 195 136 30 61 7
434 0 179 16 77 8
434 111 175 26 74 12
434 449 161 26 84 13
434 390 209 26 93 15
434 633 355 54 131 16
434 706 346 40 117 17
434 385 218 37 99 18
434 83 182 25 65 19
434 579 110 25 71 20
434 607 126 21 60 21
434 275 174 29 84 22
434 348 193 32 80 23
434 332 205 35 90 24
434 602 180 36 86 25
434 351 146 27 73 26
434 297 163 26 76 27
434 199 184 34 85 28
434 301 173 30 78 29
434 250 142 26 72 30
434 622 123 25 61 31
434 408 187 31 84 32
434 432 183 29 82 33
434 678 116 31 73 34
434 253 222 47 100 35
434 444 175 24 85 36
434 150 109 20 55 43
