23 68 168 21 64 1
23 549 180 31 89 2
23 613 133 35 70 3
23 561 92 30 64 4
23 292 132 27 62 5
23 319 123 29 59 6
23 285 123 25 58 7
23 231 133 21 61 8
23 214 138 20 62 9
23 195 115 18 63 10
23 118 207 35 84 11
23 102 123 22 55 12
23 59 150 22 64 13
23 150 139 24 55 14
23 514 178 29 91 18
23 113 162 25 79 20
23 136 167 26 66 21
23 163 181 24 84 22
23 179 164 21 69 23
23 219 178 29 80 25
23 11 216 34 86 26
23 62 159 22 67 27
23 698 212 28 101 28
23 180 180 30 75 29
23 371 160 25 83 30
23 332 192 33 82 32
23 351 187 29 80 33
23 347 226 34 107 34
23 2 173 16 71 35
23 609 125 26 67 37
23 418 131 28 62 38
23 361 123 23 64 39
23 98 181 30 68 40
