52 181 192 29 74 1
52 560 154 27 83 2
52 570 142 31 74 3
52 664 76 27 60 4
52 414 137 20 67 5
52 450 121 28 64 6
52 442 108 23 57 7
52 293 149 25 71 8
52 266 156 20 68 9
52 337 114 25 68 10
52 195 240 35 94 11
52 222 120 27 59 12
52 214 155 24 76 13
52 291 132 19 60 14
52 150 241 34 106 15
52 533 145 26 80 18
52 303 154 25 77 20
52 326 160 21 66 21
52 309 203 30 93 22
52 353 187 28 78 23
52 386 209 33 90 25
52 87 255 40 100 26
52 185 173 25 76 27
52 336 203 26 84 29
52 565 195 33 95 30
52 465 226 33 99 32
52 492 225 30 95 33
52 366 229 34 108 34
52 115 178 31 86 35
52 652 157 28 77 37
52 544 119 23 61 38
52 494 122 37 66 39
52 301 172 26 77 40
52 598 123 23 61 41
52 14 78 19 46 42
