21 63 166 20 64 1
21 548 182 31 89 2
21 603 133 36 71 3
21 553 92 29 64 4
21 287 133 25 62 5
21 308 125 28 59 6
21 272 124 26 59 7
21 224 133 22 61 8
21 210 137 20 61 9
21 186 115 21 63 10
21 111 206 33 83 11
21 95 124 21 55 12
21 52 149 21 64 13
21 142 138 23 56 14
21 511 181 31 91 18
21 103 163 25 78 20
21 126 167 26 66 21
21 152 180 24 83 22
21 170 163 21 68 23
21 210 176 28 79 25
21 6 213 34 86 26
21 54 159 22 67 27
21 688 209 29 100 28
21 170 180 29 75 29
21 359 158 24 81 30
21 323 190 33 81 32
21 343 185 29 79 33
21 346 224 34 106 34
21 0 174 13 70 35
21 603 124 27 67 37
21 409 131 27 61 38
21 353 123 24 64 39
21 86 181 30 68 40
