120 469 226 30 92 1
120 440 113 29 67 2
120 114 212 32 91 3
120 586 96 23 67 4
120 464 194 27 81 5
120 510 164 29 74 6
120 561 155 29 72 7
120 515 198 25 86 8
120 490 216 24 83 9
120 626 136 27 74 10
120 536 370 46 130 11
120 423 142 24 68 12
120 601 173 24 85 13
120 553 150 21 61 14
120 527 140 25 77 15
120 323 125 30 67 18
120 686 174 28 82 20
120 713 182 25 72 21
120 703 289 41 120 22
120 745 249 22 100 25
120 514 429 59 141 26
120 533 239 33 97 27
120 727 280 30 110 29
120 721 358 40 118 34
120 374 244 42 112 35
120 744 89 22 58 38
120 745 89 18 59 39
120 694 189 34 83 40
120 159 133 26 62 41
120 363 77 21 51 42
