61 220 197 29 76 1
61 562 145 28 82 2
61 511 152 39 76 3
61 684 74 28 58 4
61 430 140 22 72 5
61 494 124 29 60 6
61 492 110 22 57 7
61 315 151 27 74 8
61 282 163 22 70 9
61 371 121 24 69 10
61 225 252 39 98 11
61 253 123 24 61 12
61 247 162 26 78 13
61 328 135 22 60 14
61 196 224 38 105 15
61 538 135 26 77 18
61 347 159 24 78 20
61 385 158 22 64 21
61 358 212 30 96 22
61 403 197 25 83 23
61 431 220 36 93 25
61 122 271 40 107 26
61 225 178 26 78 27
61 379 210 29 90 29
61 628 208 29 103 30
61 506 234 34 103 32
61 534 237 31 91 33
61 360 227 31 109 34
61 163 182 31 87 35
61 658 174 28 82 37
61 581 113 18 61 38
61 550 117 26 64 39
61 348 173 27 79 40
61 540 125 25 61 41
61 55 77 19 46 42
