420 536 189 36 83 1
420 270 162 31 79 2
420 562 244 35 105 3
420 648 148 33 88 4
420 327 170 29 71 5
420 456 203 29 88 6
420 270 133 22 59 7
420 54 177 33 78 8
420 36 188 29 72 9
420 12 185 25 79 10
420 177 178 27 76 12
420 487 172 27 84 13
420 483 225 30 95 15
420 530 315 38 123 16
420 588 312 41 111 17
420 332 197 36 93 18
420 132 188 27 72 19
420 592 115 25 70 20
420 628 127 23 64 21
420 341 183 32 86 22
420 401 210 29 87 23
420 424 213 33 93 24
420 601 202 32 95 25
420 411 156 28 77 26
420 375 173 24 79 27
420 287 198 38 92 28
420 374 184 32 81 29
420 339 146 28 74 30
420 644 126 21 63 31
420 483 201 32 89 32
420 511 200 30 85 33
420 695 107 23 63 34
420 373 236 34 102 35
420 524 190 24 85 36
420 90 114 20 53 43
