18 55 164 19 63 1
18 545 184 32 90 2
18 587 132 36 72 3
18 540 94 27 64 4
18 279 134 23 62 5
18 293 127 23 60 6
18 254 125 26 60 7
18 213 131 22 61 8
18 202 136 20 59 9
18 172 115 24 62 10
18 102 204 32 82 11
18 85 124 21 55 12
18 44 149 20 64 13
18 130 138 21 58 14
18 505 184 33 91 18
18 88 164 25 78 20
18 111 168 25 66 21
18 136 178 25 82 22
18 158 161 22 67 23
18 196 175 28 78 25
18 2 209 29 84 26
18 42 159 22 66 27
18 672 205 32 99 28
18 156 179 28 76 29
18 342 156 24 80 30
18 310 188 33 80 32
18 331 183 30 77 33
18 346 223 34 106 34
18 590 123 29 66 37
18 397 132 27 60 38
18 341 123 26 64 39
18 70 181 30 67 40
