374 695 175 28 79 1
374 539 148 24 82 2
374 728 334 38 131 3
374 489 226 30 89 5
374 565 150 26 71 6
374 487 165 28 75 7
374 314 175 30 85 8
374 300 184 27 78 9
374 390 211 30 97 10
374 37 266 37 101 11
374 394 208 30 89 12
374 657 237 33 98 13
374 292 225 30 95 16
374 342 226 29 89 17
374 133 150 27 74 18
374 362 221 27 84 19
374 601 185 30 86 20
374 638 194 31 81 21
374 565 228 36 103 22
374 589 275 32 103 23
374 631 274 40 110 24
374 687 277 39 110 25
374 623 210 28 94 26
374 658 222 29 90 27
374 598 228 29 95 29
374 671 203 30 90 30
374 659 191 26 81 31
374 728 276 33 106 32
374 596 158 30 86 34
374 733 222 30 94 35
