55 194 194 29 75 1
55 560 151 27 82 2
55 550 145 33 75 3
55 671 76 27 59 4
55 420 138 20 69 5
55 462 123 30 63 6
55 459 109 23 56 7
55 300 149 26 72 8
55 271 158 20 68 9
55 347 116 26 69 10
55 203 244 36 96 11
55 233 121 27 59 12
55 223 157 24 77 13
55 304 131 20 61 14
55 164 235 34 105 15
55 534 141 26 79 18
55 319 155 24 77 20
55 347 159 21 66 21
55 326 206 30 94 22
55 370 190 25 79 23
55 400 213 34 91 25
55 99 261 42 104 26
55 198 174 25 77 27
55 351 205 27 86 29
55 586 199 32 97 30
55 478 228 33 102 32
55 505 230 31 93 33
55 365 228 33 108 34
55 131 180 31 86 35
55 654 163 28 79 37
55 557 117 21 61 38
55 511 120 36 65 39
55 320 172 25 78 40
55 578 124 24 61 41
55 26 78 19 45 42
