398 654 195 33 81 1
398 410 143 24 68 2
398 697 306 37 127 3
398 693 187 41 100 4
398 412 190 27 80 5
398 453 173 28 78 6
398 378 143 24 69 7
398 178 173 28 80 8
398 154 188 29 74 9
398 189 196 35 88 10
398 293 187 28 81 12
398 574 199 27 94 13
398 668 240 30 102 15
398 384 269 33 101 16
398 450 267 34 97 17
398 255 163 35 84 18
398 233 203 28 76 19
398 584 141 25 80 20
398 620 153 25 72 21
398 443 205 34 96 22
398 489 238 30 98 23
398 525 235 33 98 24
398 614 238 32 105 25
398 507 178 30 88 26
398 513 191 28 84 27
398 474 217 36 96 28
398 473 202 28 85 29
398 485 162 27 82 30
398 639 149 25 70 31
398 610 229 35 99 32
398 639 225 30 94 33
398 648 120 26 69 34
398 569 226 32 97 35
398 657 220 26 94 36
398 0 125 17 44 43
