429 500 186 34 82 1
429 243 176 31 83 2
429 531 220 33 100 3
429 646 136 31 82 4
429 291 163 26 69 5
429 470 225 31 95 6
429 219 135 26 61 7
429 8 180 27 77 8
429 1 188 22 70 9
429 133 176 26 75 12
429 452 165 26 84 13
429 414 213 27 94 15
429 597 342 49 127 16
429 669 335 40 115 17
429 367 213 40 97 18
429 96 184 24 67 19
429 593 109 23 69 20
429 615 126 22 61 21
429 298 178 31 82 22
429 365 199 31 83 23
429 367 206 33 91 24
429 602 187 35 89 25
429 371 150 27 75 26
429 320 167 26 75 27
429 223 189 35 87 28
429 324 177 30 80 29
429 280 143 26 72 30
429 634 124 24 62 31
429 431 191 31 86 32
429 458 189 29 83 33
429 690 113 26 69 34
429 289 226 34 101 35
429 467 181 23 83 36
429 130 111 20 54 43
