33 96 175 25 69 1
33 555 171 30 87 2
33 644 131 29 75 3
33 609 88 25 63 4
33 344 132 23 62 5
33 379 108 21 60 6
33 338 116 23 58 7
33 258 136 21 61 8
33 232 144 20 67 9
33 245 116 21 61 10
33 150 214 33 88 11
33 143 118 20 57 12
33 121 152 25 65 13
33 197 139 20 55 14
33 6 276 32 106 15
33 526 168 27 85 18
33 171 159 24 79 20
33 192 164 21 66 21
33 207 185 29 86 22
33 233 169 25 76 23
33 270 187 28 82 25
33 39 227 34 86 26
33 102 161 22 70 27
33 736 233 24 90 28
33 233 183 27 78 29
33 432 171 31 86 30
33 376 201 33 85 32
33 403 199 28 87 33
33 351 230 31 108 34
33 27 173 26 77 35
33 624 134 24 70 37
33 459 128 29 66 38
33 408 124 22 66 39
33 164 177 26 72 40
33 741 127 20 62 41
