397 659 194 33 81 1
397 417 143 24 68 2
397 703 309 36 128 3
397 698 189 40 100 4
397 415 192 27 80 5
397 454 172 29 78 6
397 383 143 24 70 7
397 183 173 27 80 8
397 160 187 29 74 9
397 199 196 33 89 10
397 298 187 28 81 12
397 577 201 27 95 13
397 676 240 30 103 15
397 378 268 32 101 16
397 444 265 34 96 17
397 251 162 35 83 18
397 238 204 28 76 19
397 584 142 25 80 20
397 620 154 25 72 21
397 448 205 34 96 22
397 493 239 30 99 23
397 530 235 33 98 24
397 616 240 32 105 25
397 512 180 30 90 26
397 519 192 28 85 27
397 484 218 35 96 28
397 477 203 28 85 29
397 492 163 27 83 30
397 639 150 25 71 31
397 615 231 35 99 32
397 644 228 30 95 33
397 646 121 26 70 34
397 575 224 32 96 35
397 663 221 26 95 36
