56 198 194 29 75 1
56 561 150 27 82 2
56 543 146 34 75 3
56 673 76 28 59 4
56 422 138 21 69 5
56 467 123 30 63 6
56 464 109 23 56 7
56 302 150 26 73 8
56 273 158 21 68 9
56 351 117 26 69 10
56 206 245 36 96 11
56 236 122 27 59 12
56 227 158 25 77 13
56 308 132 20 61 14
56 169 233 34 105 15
56 535 140 26 78 18
56 324 156 24 77 20
56 353 159 21 66 21
56 331 207 30 94 22
56 375 191 25 79 23
56 405 214 34 91 25
56 103 263 42 105 26
56 202 175 25 77 27
56 355 206 27 87 29
56 593 201 31 98 30
56 482 229 33 102 32
56 510 232 31 93 33
56 364 228 32 108 34
56 137 180 31 86 35
56 654 165 28 79 37
56 561 116 21 61 38
56 518 120 35 65 39
56 326 172 25 79 40
56 572 124 24 61 41
56 31 78 19 46 42
