76 285 208 30 80 1
76 571 134 28 76 2
76 420 162 34 86 3
76 689 74 27 60 4
76 436 148 25 74 5
76 577 116 24 61 6
76 546 117 23 59 7
76 354 159 27 74 8
76 320 174 22 73 9
76 426 129 23 71 10
76 280 275 41 106 11
76 296 125 23 64 12
76 315 175 26 83 13
76 392 140 20 59 14
76 328 204 32 97 15
76 535 122 24 73 18
76 441 153 31 81 20
76 469 156 22 69 21
76 432 230 33 103 22
76 485 215 31 85 23
76 520 220 34 93 25
76 196 302 43 115 26
76 291 190 26 82 27
76 454 225 28 94 29
76 715 235 39 106 30
76 580 248 37 104 32
76 601 248 31 98 33
76 362 230 31 106 34
76 224 196 31 91 35
76 701 199 26 88 37
76 624 106 24 58 38
76 607 108 21 62 39
76 376 179 24 77 40
76 443 127 25 60 41
76 120 76 17 48 42
