102 401 228 34 89 1
102 532 115 32 68 2
102 243 184 38 92 3
102 630 87 29 62 4
102 452 169 27 77 5
102 578 140 23 69 6
102 589 138 23 68 7
102 411 188 26 77 8
102 398 203 23 80 9
102 540 130 29 75 10
102 422 326 41 118 11
102 384 132 23 68 12
102 479 190 27 89 13
102 513 134 28 58 14
102 483 168 29 79 15
102 428 118 24 71 18
102 583 163 34 85 20
102 605 165 22 69 21
102 580 259 34 108 22
102 661 243 35 97 23
102 663 212 36 90 25
102 341 359 49 144 26
102 426 213 22 89 27
102 600 257 22 97 29
102 705 306 40 110 32
102 741 283 24 103 33
102 442 281 49 116 34
102 289 223 34 102 35
102 700 95 22 54 38
102 692 95 19 59 39
102 567 177 27 79 40
102 282 130 23 59 41
102 248 74 24 52 42
