16 51 163 19 63 1
16 541 186 33 90 2
16 576 132 37 72 3
16 531 94 26 64 4
16 273 134 22 61 5
16 282 128 22 60 6
16 243 126 26 60 7
16 205 131 22 61 8
16 195 136 20 59 9
16 163 116 25 61 10
16 96 202 31 82 11
16 78 125 20 55 12
16 39 148 19 64 13
16 123 137 20 60 14
16 501 185 34 92 18
16 78 164 26 78 20
16 102 168 24 65 21
16 125 177 25 81 22
16 151 160 22 67 23
16 188 174 28 77 25
16 0 207 25 83 26
16 34 158 21 66 27
16 661 201 32 98 28
16 146 177 27 78 29
16 331 155 24 78 30
16 301 186 33 79 32
16 322 182 30 75 33
16 347 223 34 105 34
16 581 122 30 65 37
16 389 132 27 60 38
16 333 123 27 63 39
16 60 180 28 67 40
