358 665 157 25 76 1
358 602 172 29 91 2
358 568 301 46 121 3
358 554 252 31 98 5
358 612 169 26 75 6
358 563 187 27 84 7
358 415 177 30 87 8
358 408 188 28 78 9
358 477 238 32 105 10
358 168 269 44 101 11
358 447 229 34 95 12
358 256 205 32 84 16
358 305 204 30 82 17
358 54 143 24 76 18
358 410 249 27 88 19
358 644 223 32 109 20
358 684 229 34 86 21
358 672 256 34 109 22
358 651 307 36 115 23
358 690 295 36 110 24
358 726 235 30 101 26
358 740 262 23 100 27
358 695 254 29 105 29
358 712 229 26 86 31
358 599 190 30 98 34
