69 255 203 29 78 1
69 567 139 28 79 2
69 463 155 33 84 3
69 696 73 29 58 4
69 439 144 24 74 5
69 539 121 27 59 6
69 529 114 22 60 7
69 341 155 27 74 8
69 302 168 22 72 9
69 401 128 24 67 10
69 255 264 41 102 11
69 278 125 22 62 12
69 281 170 29 79 13
69 359 140 25 58 14
69 269 211 31 98 15
69 543 127 25 74 18
69 406 152 26 79 20
69 432 157 22 65 21
69 401 221 30 99 22
69 445 208 29 83 23
69 481 223 36 93 25
69 161 284 41 115 26
69 262 184 27 81 27
69 419 218 29 93 29
69 675 221 35 106 30
69 545 240 36 103 32
69 575 242 31 91 33
69 361 228 29 108 34
69 200 189 30 90 35
69 677 187 26 84 37
69 605 109 22 59 38
69 584 112 21 63 39
69 362 180 25 79 40
69 488 126 25 60 41
69 91 76 18 47 42
