63 229 199 29 77 1
63 563 143 28 81 2
63 498 153 39 78 3
63 688 74 29 58 4
63 434 141 22 73 5
63 504 124 29 59 6
63 503 112 22 59 7
63 321 152 27 74 8
63 286 164 22 71 9
63 379 123 24 68 10
63 233 255 41 99 11
63 260 124 24 61 12
63 256 164 27 78 13
63 335 137 23 59 14
63 213 221 36 102 15
63 539 133 25 76 18
63 359 159 24 78 20
63 397 157 22 64 21
63 369 214 30 97 22
63 413 199 26 83 23
63 443 221 36 93 25
63 130 274 40 108 26
63 235 180 26 79 27
63 389 211 29 91 29
63 641 211 30 104 30
63 516 235 35 103 32
63 545 238 31 90 33
63 360 227 31 109 34
63 171 183 30 87 35
63 661 178 28 83 37
63 588 112 18 60 38
63 560 115 24 64 39
63 353 175 27 79 40
63 527 125 25 60 41
63 64 77 19 46 42
