107 423 230 33 90 1
107 513 114 32 67 2
107 200 192 40 87 3
107 617 90 29 63 4
107 457 175 27 78 5
107 560 146 24 72 6
107 594 144 23 71 7
107 431 192 26 80 8
107 418 208 23 81 9
107 564 128 29 75 10
107 445 337 41 125 11
107 398 135 23 68 12
107 516 186 25 90 13
107 539 136 21 59 14
107 496 160 27 78 15
107 402 115 29 76 18
107 614 165 31 84 20
107 636 169 21 71 21
107 614 267 41 112 22
107 701 251 37 97 23
107 686 211 40 91 25
107 387 373 56 142 26
107 456 220 26 94 27
107 634 266 22 100 29
107 732 300 32 108 32
107 500 313 53 125 34
107 298 230 34 105 35
107 716 93 22 54 38
107 709 93 18 58 39
107 606 180 27 79 40
107 247 130 22 59 41
107 277 73 25 55 42
