40 122 180 28 72 1
40 559 165 29 85 2
40 637 132 31 77 3
40 634 82 25 62 4
40 380 134 22 62 5
40 419 110 20 59 6
40 374 110 23 60 7
40 269 144 22 65 8
40 245 149 20 68 9
40 280 116 26 62 10
40 167 223 33 90 11
40 177 118 20 59 12
40 167 149 25 71 13
40 234 137 20 55 14
40 63 258 36 111 15
40 529 160 27 82 18
40 222 159 27 80 20
40 241 162 21 66 21
40 245 191 30 88 22
40 274 175 30 76 23
40 315 195 29 88 25
40 61 234 35 88 26
40 131 164 24 76 27
40 272 189 26 80 29
40 478 179 37 88 30
40 411 212 33 87 32
40 437 206 27 92 33
40 356 229 34 107 34
40 60 176 31 82 35
40 634 142 25 73 37
40 491 126 28 64 38
40 441 124 23 67 39
40 218 173 25 72 40
40 684 124 24 62 41
