68 251 202 29 78 1
68 567 140 28 79 2
68 469 154 34 83 3
68 696 73 29 57 4
68 439 143 24 74 5
68 533 122 27 59 6
68 525 114 22 60 7
68 338 155 27 74 8
68 299 168 22 72 9
68 398 127 24 67 10
68 251 262 42 101 11
68 275 125 22 62 12
68 277 169 29 79 13
68 355 140 25 58 14
68 260 212 31 99 15
68 543 128 25 75 18
68 400 152 25 79 20
68 426 157 22 64 21
68 396 220 30 98 22
68 440 206 29 83 23
68 474 223 36 93 25
68 156 282 41 114 26
68 258 184 27 80 27
68 414 217 29 93 29
68 670 220 34 106 30
68 541 240 36 103 32
68 570 241 31 90 33
68 361 228 29 108 34
68 195 188 30 89 35
68 674 186 26 84 37
68 602 110 21 59 38
68 580 112 22 63 39
68 361 179 26 79 40
68 495 126 25 60 41
68 87 76 18 46 42
