20 60 166 20 63 1
20 547 183 31 90 2
20 597 133 36 71 3
20 549 93 28 64 4
20 284 133 24 62 5
20 303 126 26 59 6
20 266 124 26 59 7
20 220 132 22 61 8
20 208 137 20 60 9
20 181 115 22 62 10
20 108 205 33 83 11
20 92 124 21 55 12
20 49 149 21 64 13
20 138 138 22 57 14
20 509 182 32 91 18
20 98 163 25 78 20
20 121 167 25 66 21
20 147 179 24 83 22
20 166 162 21 68 23
20 205 176 28 78 25
20 4 212 33 85 26
20 50 159 22 67 27
20 683 207 30 100 28
20 165 180 28 75 29
20 354 158 24 81 30
20 319 189 33 80 32
20 339 185 30 78 33
20 346 224 34 106 34
20 599 123 27 66 37
20 405 131 27 61 38
20 349 123 25 64 39
20 81 181 31 67 40
