19 58 165 19 63 1
19 546 184 32 90 2
19 592 132 36 71 3
19 544 93 28 64 4
19 282 133 24 62 5
19 298 127 24 59 6
19 260 125 26 60 7
19 216 132 22 61 8
19 205 136 20 60 9
19 176 115 23 62 10
19 105 204 32 83 11
19 88 124 21 55 12
19 46 149 20 64 13
19 134 138 22 58 14
19 507 183 33 91 18
19 93 163 25 78 20
19 116 168 25 66 21
19 141 179 25 82 22
19 162 162 21 67 23
19 201 175 28 78 25
19 3 211 31 85 26
19 46 159 22 66 27
19 677 206 31 99 28
19 160 179 28 75 29
19 348 157 24 80 30
19 315 188 33 80 32
19 335 184 30 77 33
19 346 224 34 106 34
19 595 123 28 66 37
19 401 132 27 61 38
19 345 123 25 64 39
19 75 181 30 67 40
