416 556 191 37 83 1
416 296 158 29 78 2
416 585 254 35 107 3
416 653 155 34 91 4
416 342 173 29 72 5
416 467 196 30 86 6
416 290 135 22 60 7
416 75 179 34 78 8
416 58 188 30 73 9
416 42 188 26 78 10
416 199 179 27 77 12
416 506 177 28 83 13
416 514 229 35 97 15
416 502 304 35 120 16
416 559 302 39 108 17
416 316 188 34 92 18
416 150 190 27 72 19
416 588 120 25 72 20
416 626 131 23 66 21
416 356 185 33 89 22
416 418 215 30 89 23
416 447 218 34 94 24
416 601 208 31 97 25
416 428 159 28 78 26
416 398 175 24 81 27
416 320 202 36 94 28
416 392 186 30 83 29
416 367 148 27 75 30
416 643 129 22 63 31
416 506 205 32 91 32
416 535 204 29 86 33
416 685 104 24 67 34
416 412 241 38 103 35
416 549 195 26 87 36
416 72 115 20 52 43
