36 105 178 27 70 1
36 557 168 29 86 2
36 647 130 28 76 3
36 620 86 24 62 4
36 359 133 22 62 5
36 397 108 21 60 6
36 353 113 23 59 7
36 264 138 21 62 8
36 238 146 20 67 9
36 259 117 23 60 10
36 159 217 32 89 11
36 157 118 20 58 12
36 140 151 24 67 13
36 213 138 20 55 14
36 24 266 36 112 15
36 528 165 27 83 18
36 192 159 26 80 20
36 213 163 21 66 21
36 223 187 30 87 22
36 251 172 28 76 23
36 289 190 28 84 25
36 49 229 35 87 26
36 114 162 23 73 27
36 249 185 26 79 29
36 451 174 34 87 30
36 391 205 33 86 32
36 418 201 28 89 33
36 353 230 32 107 34
36 41 174 27 78 35
36 628 137 24 71 37
36 472 127 29 65 38
36 423 124 22 66 39
36 187 175 25 72 40
36 719 126 23 62 41
