62 225 198 29 77 1
62 563 144 28 81 2
62 504 153 39 77 3
62 686 74 29 58 4
62 432 141 22 72 5
62 499 124 29 60 6
62 497 111 22 58 7
62 318 152 27 74 8
62 284 164 22 71 9
62 375 122 24 69 10
62 229 253 40 99 11
62 257 124 24 61 12
62 251 163 27 78 13
62 331 136 23 60 14
62 204 222 37 104 15
62 539 134 26 77 18
62 353 160 24 78 20
62 391 158 22 64 21
62 364 213 30 96 22
62 408 198 26 83 23
62 437 220 36 93 25
62 126 273 40 107 26
62 230 179 26 79 27
62 384 210 29 91 29
62 635 209 29 104 30
62 511 235 35 103 32
62 540 238 31 91 33
62 360 227 31 109 34
62 167 182 31 87 35
62 659 176 28 82 37
62 585 112 18 61 38
62 555 116 25 64 39
62 351 174 27 79 40
62 533 125 25 60 41
62 60 77 19 46 42
