128 494 221 30 90 1
128 388 114 32 67 2
128 76 219 31 94 3
128 564 102 23 68 4
128 464 206 27 83 5
128 462 168 29 75 6
128 512 156 27 72 7
128 557 199 30 93 8
128 538 216 27 89 9
128 635 142 30 76 10
128 601 385 42 133 11
128 426 145 26 69 12
128 637 166 24 83 13
128 532 157 24 65 14
128 547 130 24 73 15
128 277 130 36 68 18
128 706 182 32 88 20
128 746 215 19 81 21
128 735 296 31 113 22
128 593 464 60 109 26
128 572 250 33 103 27
128 444 252 39 114 35
128 754 87 13 57 39
128 736 202 26 79 40
128 109 135 28 61 41
128 411 77 19 52 42
