48 161 187 30 74 1
48 563 158 28 83 2
48 596 138 30 75 3
48 655 77 26 60 4
48 406 136 20 65 5
48 441 117 25 62 6
48 420 107 23 59 7
48 285 147 24 69 8
48 259 154 20 68 9
48 322 114 24 66 10
48 185 235 34 93 11
48 208 119 25 59 12
48 206 153 25 73 13
48 273 134 19 58 14
48 129 248 37 108 15
48 531 149 26 81 18
48 277 156 26 78 20
48 298 161 21 66 21
48 288 199 30 91 22
48 328 181 29 78 23
48 364 204 32 89 25
48 76 248 38 96 26
48 167 170 26 75 27
48 315 198 25 83 29
48 537 190 35 91 30
48 449 223 33 92 32
48 474 219 30 95 33
48 362 229 35 107 34
48 96 177 31 86 35
48 646 151 27 75 37
48 527 122 26 61 38
48 476 122 27 67 39
48 275 173 27 75 40
48 625 123 23 61 41
48 0 75 17 47 42
