406 612 195 36 82 1
406 358 148 24 77 2
406 643 284 39 119 3
406 672 173 37 97 4
406 383 180 28 76 5
406 461 182 29 82 6
406 339 140 24 64 7
406 138 173 30 78 8
406 112 189 28 73 9
406 126 193 32 86 10
406 253 183 28 80 12
406 551 190 28 85 13
406 595 237 40 100 15
406 434 282 34 105 16
406 498 281 35 101 17
406 285 173 34 89 18
406 197 197 25 70 19
406 583 132 25 76 20
406 619 141 24 69 21
406 403 197 33 94 22
406 457 228 30 94 23
406 487 228 34 93 24
406 606 226 31 103 25
406 472 169 29 81 26
406 464 185 27 83 27
406 409 208 37 97 28
406 436 195 29 84 29
406 434 156 25 79 30
406 640 141 25 64 31
406 568 216 34 98 32
406 593 215 29 91 33
406 666 112 26 69 34
406 514 233 40 105 35
406 613 209 27 89 36
406 28 118 21 51 43
