396 665 194 33 81 1
396 423 142 24 67 2
396 710 312 36 129 3
396 702 191 40 101 4
396 418 193 27 80 5
396 456 171 29 77 6
396 387 144 24 70 7
396 188 173 27 81 8
396 165 187 29 74 9
396 209 196 33 89 10
396 303 188 29 82 12
396 580 202 27 96 13
396 683 241 31 103 15
396 372 266 32 100 16
396 438 263 34 95 17
396 246 161 35 82 18
396 243 205 28 75 19
396 585 143 25 81 20
396 620 156 25 72 21
396 452 206 34 96 22
396 498 240 30 99 23
396 535 236 33 98 24
396 618 241 33 104 25
396 516 181 30 91 26
396 525 193 28 85 27
396 494 219 34 97 28
396 482 204 28 85 29
396 499 164 27 83 30
396 639 151 25 71 31
396 620 233 35 99 32
396 650 230 30 95 33
396 644 122 26 71 34
396 582 223 32 94 35
396 668 222 26 96 36
