34 99 176 26 69 1
34 555 170 29 86 2
34 646 130 28 75 3
34 613 87 24 63 4
34 349 132 23 62 5
34 385 108 21 60 6
34 342 115 23 59 7
34 260 137 21 61 8
34 234 145 20 67 9
34 249 116 22 61 10
34 153 215 33 88 11
34 148 118 20 57 12
34 127 152 24 65 13
34 202 139 20 55 14
34 10 272 34 109 15
34 526 167 27 84 18
34 178 159 25 80 20
34 199 164 21 66 21
34 212 186 29 86 22
34 239 170 26 76 23
34 276 188 28 83 25
34 42 227 35 86 26
34 106 161 23 71 27
34 238 183 27 78 29
34 439 172 32 86 30
34 381 202 33 85 32
34 408 200 28 88 33
34 352 230 31 107 34
34 31 173 27 78 35
34 625 135 24 70 37
34 463 128 29 66 38
34 413 124 22 66 39
34 171 176 26 72 40
34 734 127 21 62 41
