65 238 200 29 77 1
65 565 142 28 80 2
65 486 154 37 80 3
65 692 74 29 57 4
65 437 142 23 73 5
65 516 124 29 58 6
65 513 113 22 60 7
65 328 153 27 74 8
65 291 166 22 72 9
65 387 125 24 68 10
65 241 257 42 100 11
65 267 125 23 62 12
65 264 166 28 78 13
65 343 138 24 59 14
65 231 218 34 100 15
65 541 131 25 76 18
65 376 156 24 78 20
65 409 157 22 63 21
65 380 216 30 97 22
65 424 202 27 83 23
65 455 222 36 93 25
65 140 277 40 111 26
65 244 181 27 80 27
65 399 213 29 92 29
65 653 214 31 105 30
65 526 237 35 103 32
65 556 239 31 89 33
65 361 227 30 108 34
65 181 185 30 87 35
65 666 181 27 83 37
65 594 111 19 60 38
65 569 114 22 64 39
65 357 177 26 79 40
65 514 126 25 60 41
65 74 77 19 46 42
