70 260 203 29 79 1
70 568 138 28 79 2
70 457 155 32 85 3
70 695 73 29 58 4
70 438 145 24 74 5
70 545 120 26 60 6
70 532 114 22 60 7
70 344 156 27 74 8
70 305 169 22 72 9
70 405 128 23 67 10
70 258 265 41 102 11
70 281 125 22 63 12
70 285 171 29 79 13
70 364 141 24 58 14
70 279 209 30 98 15
70 543 126 24 74 18
70 411 152 27 79 20
70 437 157 22 65 21
70 406 222 30 99 22
70 450 209 30 83 23
70 487 223 36 93 25
70 167 287 41 115 26
70 266 185 27 81 27
70 424 219 29 93 29
70 681 223 35 106 30
70 550 241 36 103 32
70 578 243 31 92 33
70 361 228 29 108 34
70 205 190 30 90 35
70 680 189 25 84 37
70 608 109 22 59 38
70 587 111 21 63 39
70 363 180 25 79 40
70 482 126 25 60 41
70 95 76 18 47 42
