7 31 156 20 63 1
7 516 194 39 93 2
7 526 132 35 75 3
7 481 97 25 63 4
7 231 136 23 62 5
7 225 132 23 63 6
7 191 131 25 61 7
7 178 127 22 60 8
7 157 136 24 59 9
7 123 119 25 60 10
7 70 196 29 78 11
7 43 124 21 57 12
7 53 146 18 64 13
7 86 136 18 62 14
7 484 185 31 95 18
7 33 162 29 76 20
7 59 166 22 67 21
7 78 173 25 77 22
7 111 158 24 65 23
7 144 168 27 73 25
7 3 156 17 65 27
7 607 185 29 92 28
7 100 172 26 77 29
7 277 149 23 74 30
7 252 179 30 76 32
7 277 175 31 73 33
7 344 216 34 104 34
7 531 122 29 66 37
7 350 131 27 58 38
7 294 123 31 62 39
7 18 175 20 68 40
