96 374 226 30 86 1
96 546 118 29 70 2
96 294 177 33 90 3
96 649 83 27 63 4
96 446 164 27 76 5
96 598 133 22 66 6
96 582 132 23 65 7
96 392 179 26 76 8
96 377 197 23 78 9
96 514 132 29 75 10
96 391 314 40 114 11
96 364 132 22 65 12
96 440 188 24 87 13
96 482 133 26 59 14
96 461 176 29 85 15
96 460 119 23 69 18
96 545 160 35 83 20
96 572 159 22 69 21
96 543 250 31 106 22
96 614 235 34 94 23
96 633 214 34 88 25
96 301 342 46 137 26
96 390 205 21 84 27
96 560 250 24 98 29
96 668 288 46 109 32
96 711 288 35 102 33
96 395 261 42 110 34
96 279 215 34 98 35
96 681 97 23 54 38
96 671 98 20 60 39
96 521 174 32 78 40
96 324 129 24 59 41
96 216 73 21 52 42
