401 639 195 34 82 1
401 391 145 24 72 2
401 677 298 39 125 3
401 683 182 40 99 4
401 403 186 26 79 5
401 451 177 27 80 6
401 364 142 24 67 7
401 163 172 29 79 8
401 137 188 29 74 9
401 162 196 39 87 10
401 278 185 28 81 12
401 566 196 28 90 13
401 641 238 31 102 15
401 403 274 33 102 16
401 468 272 35 98 17
401 267 167 35 86 18
401 219 200 28 75 19
401 584 138 25 78 20
401 619 148 25 71 21
401 429 204 33 96 22
401 477 234 30 97 23
401 511 232 34 97 24
401 610 235 31 106 25
401 494 175 30 84 26
401 495 189 28 84 27
401 448 215 39 96 28
401 458 199 28 84 29
401 465 160 26 81 30
401 640 146 25 68 31
401 595 224 34 99 32
401 622 221 29 93 33
401 655 117 26 68 34
401 551 229 32 102 35
401 641 216 27 93 36
401 11 123 19 47 43
