87 331 219 30 83 1
87 563 125 28 72 2
87 357 170 41 88 3
87 675 77 25 64 4
87 437 157 27 75 5
87 612 124 23 64 6
87 566 125 23 62 7
87 370 168 26 76 8
87 350 185 22 76 9
87 473 130 24 76 10
87 339 296 40 107 11
87 332 131 20 62 12
87 380 183 25 85 13
87 442 135 18 63 14
87 414 186 28 94 15
87 501 119 23 72 18
87 501 154 31 81 20
87 523 153 23 68 21
87 484 240 40 106 22
87 555 222 30 93 23
87 580 218 39 87 25
87 251 323 47 129 26
87 345 199 25 86 27
87 511 239 28 97 29
87 631 268 38 107 32
87 660 269 33 100 33
87 368 237 38 104 34
87 260 202 31 93 35
87 741 220 25 89 37
87 655 101 23 56 38
87 640 103 22 62 39
87 450 176 28 76 40
87 376 128 24 60 41
87 170 74 22 51 42
