80 302 212 30 81 1
80 569 130 28 75 2
80 397 165 37 87 3
80 684 75 26 62 4
80 434 151 26 74 5
80 593 118 24 62 6
80 552 120 23 60 7
80 357 161 27 74 8
80 330 177 22 74 9
80 442 129 23 73 10
80 298 281 42 107 11
80 307 126 22 64 12
80 335 179 28 84 13
80 410 138 19 62 14
80 353 199 37 96 15
80 526 120 24 73 18
80 461 153 34 81 20
80 488 155 24 68 21
80 450 233 34 107 22
80 509 217 30 87 23
80 541 218 33 93 25
80 213 308 44 118 26
80 308 193 26 83 27
80 472 230 28 96 29
80 733 238 31 97 30
80 599 255 37 105 32
80 621 254 31 99 33
80 362 233 35 104 34
80 236 199 33 92 35
80 715 207 29 91 37
80 635 105 24 57 38
80 619 106 22 62 39
80 395 179 25 73 40
80 419 128 24 60 41
80 138 75 19 49 42
