99 388 227 31 87 1
99 540 117 30 69 2
99 269 180 36 92 3
99 639 85 28 63 4
99 449 167 27 77 5
99 589 137 23 67 6
99 586 135 23 67 7
99 400 184 26 76 8
99 387 200 23 79 9
99 527 131 31 74 10
99 407 320 40 115 11
99 375 132 22 67 12
99 459 189 26 88 13
99 496 134 30 58 14
99 473 172 29 82 15
99 444 119 23 69 18
99 565 161 33 84 20
99 589 162 22 69 21
99 562 254 32 106 22
99 637 239 34 95 23
99 648 213 34 89 25
99 321 351 48 141 26
99 407 209 21 86 27
99 580 253 23 97 29
99 686 297 44 110 32
99 730 295 29 101 33
99 416 271 47 111 34
99 284 219 34 100 35
99 690 96 23 54 38
99 681 97 20 60 39
99 544 175 30 79 40
99 303 130 23 59 41
99 232 73 22 52 42
