73 273 205 30 80 1
73 570 136 28 77 2
73 438 159 32 86 3
73 692 74 28 59 4
73 437 147 25 74 5
73 562 117 24 61 6
73 541 115 23 59 7
73 351 157 27 74 8
73 313 171 22 72 9
73 415 129 23 69 10
73 269 270 40 103 11
73 288 125 23 63 12
73 300 173 28 81 13
73 378 141 22 59 14
73 307 207 29 98 15
73 541 124 24 74 18
73 426 152 29 80 20
73 453 157 22 68 21
73 419 226 32 101 22
73 467 212 31 84 23
73 504 222 35 93 25
73 182 296 42 114 26
73 278 187 27 81 27
73 439 222 28 94 29
73 698 229 38 107 30
73 565 244 37 104 32
73 589 245 31 95 33
73 362 228 29 107 34
73 216 193 30 91 35
73 690 194 25 86 37
73 616 108 24 58 38
73 598 109 21 63 39
73 368 180 25 78 40
73 462 127 25 60 41
73 107 76 17 47 42
