403 628 195 35 82 1
403 377 146 24 74 2
403 663 292 39 123 3
403 678 178 39 98 4
403 396 183 27 78 5
403 454 179 27 80 6
403 354 141 24 66 7
403 154 172 30 79 8
403 127 189 29 74 9
403 147 195 38 86 10
403 268 184 28 80 12
403 560 194 28 88 13
403 623 237 34 101 15
403 415 277 34 103 16
403 480 276 35 99 17
403 275 169 35 88 18
403 210 199 27 73 19
403 584 135 25 77 20
403 618 145 24 70 21
403 419 201 33 95 22
403 469 232 30 96 23
403 501 230 34 96 24
403 608 232 31 105 25
403 485 172 30 83 26
403 483 187 28 83 27
403 432 212 39 96 28
403 449 198 28 84 29
403 453 159 25 80 30
403 640 144 25 66 31
403 585 220 34 99 32
403 610 218 29 92 33
403 659 115 26 68 34
403 539 231 34 104 35
403 630 213 27 91 36
403 17 120 20 49 43
