42 131 181 29 72 1
42 560 163 28 85 2
42 630 134 32 77 3
42 640 80 25 61 4
42 388 134 21 62 5
42 426 112 21 60 6
42 385 109 23 60 7
42 272 145 23 66 8
42 249 150 20 68 9
42 291 116 27 64 10
42 172 226 33 91 11
42 185 118 21 60 12
42 179 150 25 71 13
42 244 137 20 56 14
42 83 255 35 110 15
42 529 157 27 82 18
42 236 159 27 80 20
42 255 162 21 66 21
42 255 193 30 89 22
42 287 176 30 77 23
42 327 197 29 89 25
42 65 238 36 89 26
42 140 166 25 76 27
42 283 191 26 81 29
42 492 182 37 88 30
42 421 215 33 88 32
42 446 209 28 93 33
42 357 229 35 106 34
42 69 176 32 84 35
42 637 144 26 73 37
42 501 125 28 63 38
42 450 123 24 67 39
42 234 173 27 73 40
42 668 124 24 62 41
