14 47 161 19 63 1
14 536 188 35 91 2
14 566 131 38 73 3
14 521 95 25 64 4
14 266 135 21 61 5
14 270 129 21 61 6
14 232 126 25 60 7
14 199 130 22 61 8
14 187 136 21 59 9
14 155 116 25 61 10
14 91 201 31 81 11
14 70 125 20 55 12
14 37 148 19 64 13
14 115 137 19 61 14
14 497 185 33 92 18
14 67 163 26 77 20
14 92 168 23 65 21
14 115 176 25 80 22
14 143 160 22 66 23
14 179 172 27 76 25
14 0 205 20 82 26
14 26 158 21 66 27
14 650 198 31 97 28
14 137 175 26 79 29
14 320 153 24 77 30
14 290 184 32 78 32
14 313 180 30 74 33
14 347 222 34 105 34
14 571 122 31 65 37
14 380 132 27 59 38
14 325 123 28 63 39
14 51 179 26 67 40
