375 697 176 28 79 1
375 534 147 24 81 2
375 733 333 34 132 3
375 486 224 30 89 5
375 561 150 27 71 6
375 482 164 28 75 7
375 307 175 30 84 8
375 294 184 26 78 9
375 387 209 30 96 10
375 30 265 35 101 11
375 391 207 30 89 12
375 653 235 33 97 13
375 295 226 30 95 16
375 344 228 29 90 17
375 138 150 26 74 18
375 358 220 28 84 19
375 599 183 30 85 20
375 636 192 30 80 21
375 560 227 35 103 22
375 585 273 32 103 23
375 627 273 40 110 24
375 683 275 39 109 25
375 617 208 28 93 26
375 652 220 29 89 27
375 593 227 29 94 29
375 663 201 30 90 30
375 658 190 26 81 31
375 724 274 33 106 32
375 597 156 30 86 34
375 733 213 29 93 35
