88 336 220 30 84 1
88 561 124 28 72 2
88 350 171 41 88 3
88 672 77 25 64 4
88 438 157 27 75 5
88 612 124 23 64 6
88 568 125 23 62 7
88 373 169 26 76 8
88 353 187 22 76 9
88 479 130 24 76 10
88 346 298 40 109 11
88 336 132 21 61 12
88 387 183 24 85 13
88 446 134 18 62 14
88 420 185 28 93 15
88 496 119 23 72 18
88 506 155 30 82 20
88 528 153 23 68 21
88 489 241 40 106 22
88 562 224 31 94 23
88 586 218 39 87 25
88 257 326 47 130 26
88 351 200 25 86 27
88 516 240 28 97 29
88 635 270 39 107 32
88 666 271 34 101 33
88 370 238 38 105 34
88 262 203 31 94 35
88 744 222 23 89 37
88 658 101 23 56 38
88 643 103 22 62 39
88 458 176 30 76 40
88 370 129 24 60 41
88 175 74 22 51 42
