399 649 195 34 82 1
399 404 144 24 69 2
399 690 303 37 126 3
399 689 185 41 99 4
399 409 189 27 79 5
399 451 174 27 79 6
399 374 142 24 69 7
399 173 173 28 80 8
399 149 188 29 74 9
399 179 196 36 87 10
399 288 186 28 81 12
399 571 198 27 92 13
399 659 239 29 102 15
399 390 271 33 102 16
399 456 269 34 97 17
399 259 164 35 85 18
399 228 202 29 76 19
399 584 140 25 79 20
399 619 151 25 71 21
399 439 205 34 96 22
399 485 237 30 98 23
399 520 234 33 98 24
399 613 237 32 105 25
399 503 177 30 87 26
399 507 191 28 84 27
399 465 216 38 96 28
399 468 201 28 85 29
399 478 161 26 82 30
399 640 148 25 69 31
399 605 227 34 99 32
399 633 223 29 94 33
399 650 119 26 69 34
399 563 227 32 99 35
399 652 218 26 94 36
399 6 125 17 45 43
