43 136 182 30 73 1
43 561 162 28 84 2
43 626 134 33 76 3
43 643 79 25 61 4
43 392 135 21 63 5
43 429 112 22 60 6
43 391 108 23 60 7
43 274 146 23 67 8
43 250 151 20 68 9
43 296 115 27 64 10
43 174 228 33 91 11
43 189 118 22 60 12
43 186 151 25 71 13
43 249 136 19 56 14
43 92 253 35 110 15
43 530 156 27 82 18
43 243 158 27 79 20
43 262 162 21 66 21
43 261 194 30 89 22
43 294 177 30 77 23
43 333 198 30 89 25
43 67 239 36 90 26
43 145 167 26 76 27
43 288 193 26 81 29
43 499 183 37 89 30
43 426 217 33 89 32
43 451 211 28 93 33
43 358 229 35 106 34
43 74 177 32 84 35
43 638 145 26 74 37
43 505 125 28 62 38
43 454 123 24 67 39
43 241 173 27 73 40
43 660 124 24 62 41
