385 706 188 30 80 1
385 485 141 22 73 2
385 451 209 29 84 5
385 505 161 32 72 6
385 434 153 26 71 7
385 243 174 28 82 8
385 233 184 25 77 9
385 325 200 32 92 10
385 355 194 29 85 12
385 616 217 34 97 13
385 326 246 31 98 16
385 379 245 32 92 17
385 189 157 31 75 18
385 302 213 31 77 19
385 582 161 28 80 20
385 624 174 26 76 21
385 507 213 35 100 22
385 550 256 29 101 23
385 585 256 39 102 24
385 641 255 36 102 25
385 562 193 28 93 26
385 592 207 29 85 27
385 623 226 32 103 28
385 539 213 27 87 29
385 583 180 28 87 30
385 646 171 26 77 31
385 675 252 32 104 32
385 705 252 30 96 33
385 616 137 28 87 34
385 668 209 29 92 35
385 723 241 21 103 36
