421 532 189 36 82 1
421 264 163 32 79 2
421 557 241 34 105 3
421 647 146 33 87 4
421 323 170 29 70 5
421 455 205 29 89 6
421 264 133 22 59 7
421 49 177 32 77 8
421 31 188 28 71 9
421 7 184 25 80 10
421 171 178 27 76 12
421 483 172 27 84 13
421 475 224 30 95 15
421 537 318 39 123 16
421 596 314 41 111 17
421 336 199 37 94 18
421 128 188 27 72 19
421 593 114 25 70 20
421 628 127 23 63 21
421 337 183 32 86 22
421 397 209 29 87 23
421 419 212 33 93 24
421 601 200 32 94 25
421 406 155 28 77 26
421 370 172 24 79 27
421 280 197 38 92 28
421 369 183 32 81 29
421 332 145 28 73 30
421 644 126 21 63 31
421 477 199 31 89 32
421 506 198 30 84 33
421 696 107 23 63 34
421 363 235 35 102 35
421 517 189 24 85 36
421 95 113 20 53 43
