35 102 177 26 70 1
35 556 169 29 86 2
35 648 130 28 76 3
35 617 87 24 63 4
35 354 132 22 62 5
35 391 108 21 60 6
35 347 114 23 59 7
35 262 137 21 62 8
35 236 146 20 67 9
35 254 117 23 61 10
35 156 216 32 89 11
35 152 118 20 58 12
35 134 151 24 66 13
35 208 138 20 55 14
35 16 269 36 111 15
35 527 166 27 84 18
35 185 159 25 80 20
35 206 164 21 66 21
35 218 186 30 87 22
35 245 171 27 76 23
35 283 189 28 83 25
35 46 228 35 87 26
35 110 162 23 72 27
35 244 184 26 79 29
35 445 173 33 86 30
35 386 204 33 86 32
35 413 200 28 88 33
35 353 230 32 107 34
35 36 174 27 78 35
35 626 136 24 71 37
35 467 127 29 66 38
35 418 124 22 66 39
35 179 175 25 72 40
35 727 126 23 62 41
